[gd_scene load_steps=22 format=3 uid="uid://ddfllmceqwa0n"]

[ext_resource type="PackedScene" path="res://objects/Gameplay/Common/Sector.tscn" id="1_mvi22"]
[ext_resource type="PackedScene" path="res://objects/Gameplay/Common/DeployCam.tscn" id="2_l7mue"]
[ext_resource type="PackedScene" path="res://static/MP_Battery_Terrain.tscn" id="3_d7x38"]
[ext_resource type="PackedScene" path="res://static/MP_Battery_Assets.tscn" id="4_howri"]
[ext_resource type="Script" uid="uid://dbxj70dx52h6f" path="res://scripts/gameplay/common/CombatArea.gd" id="5_w0w8x"]
[ext_resource type="PackedScene" uid="uid://jv31so3xcr7p" path="res://addons/bf_portal/portal_tools/types/PolygonVolume/PolygonVolume.tscn" id="6_32w0w"]
[ext_resource type="PackedScene" path="res://objects/Gameplay/Common/HQ_PlayerSpawner.tscn" id="7_1fefq"]
[ext_resource type="PackedScene" path="res://objects/entities/SpawnPoint.tscn" id="8_pu0lf"]
[ext_resource type="PackedScene" path="res://objects/Gameplay/Common/InteractPoint.tscn" id="9_au4en"]
[ext_resource type="PackedScene" path="res://objects/props/FlagPole_01_USA.tscn" id="11_qnnnc"]
[ext_resource type="Script" uid="uid://3hvpbglts2bi" path="res://scripts/gameplay/common/WorldIcon.gd" id="12_w1m4g"]
[ext_resource type="PackedScene" path="res://objects/Gameplay/Common/WorldIcon.tscn" id="13_teskm"]
[ext_resource type="PackedScene" path="res://objects/props/BarrierStoneBlock_01_G.tscn" id="14_wkodg"]
[ext_resource type="PackedScene" path="res://objects/props/BarrierStoneBlock_01_A.tscn" id="15_cupvg"]
[ext_resource type="PackedScene" path="res://objects/gameplay/common/AreaTrigger.tscn" id="16_ef6lc"]
[ext_resource type="PackedScene" path="res://objects/entities/CapturePoint.tscn" id="17_k0mxx"]
[ext_resource type="PackedScene" path="res://objects/props/BarrierStoneBlock_01_F.tscn" id="19_m8ffd"]
[ext_resource type="PackedScene" path="res://objects/uncategorized/GCarSedan_02.tscn" id="20_howri"]
[ext_resource type="PackedScene" path="res://objects/uncategorized/GM1083CargoTruck_01_Canopy.tscn" id="21_w0w8x"]
[ext_resource type="PackedScene" path="res://objects/props/BarrierStoneBlock_01_E.tscn" id="22_32w0w"]
[ext_resource type="PackedScene" path="res://objects/props/BarrierStoneBlock_01_H.tscn" id="22_a1cjy"]

[node name="MP_Battery" type="Node3D"]

[node name="TEAM_1_HQ" parent="." node_paths=PackedStringArray("HQArea", "InfantrySpawns") instance=ExtResource("7_1fefq")]
transform = Transform3D(1, 0, 0, 0, 1, 0, 0, 0, 1, 920, 82.147, 265)
AltTeam = 0
ObjId = 101
HQArea = NodePath("PolygonVolume")
InfantrySpawns = [NodePath("Spawns/SpawnPoint"), NodePath("Spawns/SpawnPoint2"), NodePath("Spawns/SpawnPoint3"), NodePath("Spawns/SpawnPoint4")]

[node name="PolygonVolume" parent="TEAM_1_HQ" instance=ExtResource("6_32w0w")]
transform = Transform3D(1, 0, 0, 0, 1, 0, 0, 0, 1, -14.841, 20, -7.381)
points = PackedVector2Array(17.5442, -13.4229, 28.1332, -9.51459, 27.7799, 4.17633, 37.8408, 21.3806, 18.1211, 34.4386, 10.054, 22.1396, 6.21888, 24.7846, -8.32827, 2.69925, -12.8414, 1.94711, -18.727, 6.11609, -32.2363, 2.97116, -57.5928, -10.2632, -62.0077, -11.0468, -45.0795, -32.2622, -33.3326, -23.3187, 17.7162, -61.9122, 18.8105, -51.3008, 16.6975, -45.8514, 10.2471, -38.2889, 8.69012, -33.3955, 18.1432, -28.947, 18.6993, -19.049)

[node name="AreaTrigger" parent="TEAM_1_HQ" node_paths=PackedStringArray("Area") instance=ExtResource("16_ef6lc")]
transform = Transform3D(1, 0, 0, 0, 1, 0, 0, 0, 1, -920, -82.147, -265)
ObjId = 7001
Area = NodePath("../PolygonVolume")

[node name="InteractPointSpectate" parent="TEAM_1_HQ" instance=ExtResource("9_au4en")]
transform = Transform3D(1, 0, 0, 0, 1, 0, 0, 0, 1, 11.9273, 0.535103, -11.2236)
ObjId = 6001

[node name="InteractArea" parent="TEAM_1_HQ" instance=ExtResource("11_qnnnc")]
transform = Transform3D(1, 0, 0, 0, 1, 0, 0, 0, 1, 0, -0.638664, 0)

[node name="InteractPointChangeTeam" parent="TEAM_1_HQ/InteractArea" instance=ExtResource("9_au4en")]
transform = Transform3D(1, 0, 0, 0, 1, 0, 0, 0, 1, 3, 1.2608, 0)
ObjId = 2001

[node name="WorldIcon" type="Node3D" parent="TEAM_1_HQ/InteractArea/InteractPointChangeTeam"]
script = ExtResource("12_w1m4g")
ObjId = 5001
iconTextVisible = true
iconColor = [0.0, 1.0, 0.0]
iconImagePicker = 6
iconImageVisible = true
iconTeamOwnerId = 1

[node name="InteractPointReady" parent="TEAM_1_HQ/InteractArea" instance=ExtResource("9_au4en")]
transform = Transform3D(1, 0, 0, 0, 1, 0, 0, 0, 1, -3, 1.47039, 0)
ObjId = 2002

[node name="WorldIcon" type="Node3D" parent="TEAM_1_HQ/InteractArea/InteractPointReady"]
script = ExtResource("12_w1m4g")
ObjId = 5002
iconTextVisible = true
iconColor = [0.0, 0.5, 1.0]
iconImagePicker = 7
iconImageVisible = true
iconTeamOwnerId = 1

[node name="WorldIcon" parent="TEAM_1_HQ/InteractArea" instance=ExtResource("13_teskm")]
transform = Transform3D(1, 0, 0, 0, 1, 0, 0, 0, 1, 0, 2, 0)
ObjId = 5011
iconTextVisible = true
iconColor = [0.0, 0.0, 1.0]
iconImagePicker = 7
iconTeamOwnerId = 1

[node name="Spawns" type="Node3D" parent="TEAM_1_HQ"]

[node name="SpawnPoint" parent="TEAM_1_HQ/Spawns" instance=ExtResource("8_pu0lf")]
transform = Transform3D(-0.696326, 0, -0.717725, 0, 1, 0, 0.717725, 0, -0.696326, 9.30835, -0.0888214, 15.7366)

[node name="SpawnPoint2" parent="TEAM_1_HQ/Spawns" instance=ExtResource("8_pu0lf")]
transform = Transform3D(-0.696326, 0, -0.717725, 0, 1, 0, 0.717725, 0, -0.696326, 17.6898, -0.205284, 10.3231)

[node name="SpawnPoint3" parent="TEAM_1_HQ/Spawns" instance=ExtResource("8_pu0lf")]
transform = Transform3D(-0.696326, 0, -0.717725, 0, 1, 0, 0.717725, 0, -0.696326, 17.7609, -0.258667, 7.71402)

[node name="SpawnPoint4" parent="TEAM_1_HQ/Spawns" instance=ExtResource("8_pu0lf")]
transform = Transform3D(-0.696326, 0, -0.717725, 0, 1, 0, 0.717725, 0, -0.696326, 5.35217, -0.122498, 19.1589)

[node name="TEAM_2_HQ" parent="." node_paths=PackedStringArray("HQArea", "InfantrySpawns") instance=ExtResource("7_1fefq")]
transform = Transform3D(1, 0, 0, 0, 1, 0, 0, 0, 1, 696.942, 72.9743, 159.598)
Team = 2
AltTeam = 0
ObjId = 102
HQArea = NodePath("PolygonVolume2")
InfantrySpawns = [NodePath("Spawns/SpawnPoint3"), NodePath("Spawns/SpawnPoint2"), NodePath("Spawns/SpawnPoint3")]

[node name="PolygonVolume2" parent="TEAM_2_HQ" instance=ExtResource("6_32w0w")]
transform = Transform3D(1, 0, 0, 0, 1, 0, 0, 0, 1, 11.0252, 22.5807, 45.522)
points = PackedVector2Array(-32.3844, 25.3889, -13.2437, 41.1261, 18.9135, 39.5446, 51.132, 33.7591, 26.6167, -68.8576, -31.1797, -51.2526, -35.911, -24.0071)

[node name="AreaTrigger2" parent="TEAM_2_HQ" node_paths=PackedStringArray("Area") instance=ExtResource("16_ef6lc")]
transform = Transform3D(1, 0, 0, 0, 1, 0, 0, 0, 1, -696.942, -72.9743, -159.598)
ObjId = 7002
Area = NodePath("../PolygonVolume2")

[node name="InteractArea" parent="TEAM_2_HQ" instance=ExtResource("11_qnnnc")]
transform = Transform3D(-4.37114e-08, 0, 1, 0, 1, 0, -1, 0, -4.37114e-08, -0.12915, -0.466827, -0.0834961)

[node name="InteractPointChangeTeam" parent="TEAM_2_HQ/InteractArea" instance=ExtResource("9_au4en")]
transform = Transform3D(-4.37114e-08, 0, 1, 0, 1, 0, -1, 0, -4.37114e-08, 3, 1, 0)
ObjId = 2003

[node name="WorldIcon" type="Node3D" parent="TEAM_2_HQ/InteractArea/InteractPointChangeTeam"]
script = ExtResource("12_w1m4g")
ObjId = 5003
iconTextVisible = true
iconColor = [0.0, 1.0, 0.0]
iconImagePicker = 6
iconImageVisible = true
iconTeamOwnerId = 2

[node name="InteractPointReady" parent="TEAM_2_HQ/InteractArea" instance=ExtResource("9_au4en")]
transform = Transform3D(-1, 0, -8.74228e-08, 0, 1, 0, 8.74228e-08, 0, -1, -3, 1.44423, 0)
ObjId = 2004

[node name="WorldIcon" type="Node3D" parent="TEAM_2_HQ/InteractArea/InteractPointReady"]
script = ExtResource("12_w1m4g")
ObjId = 5004
iconTextVisible = true
iconColor = [0.0, 0.5, 1.0]
iconImagePicker = 7
iconImageVisible = true
iconTeamOwnerId = 2

[node name="WorldIcon" parent="TEAM_2_HQ/InteractArea" instance=ExtResource("13_teskm")]
transform = Transform3D(1, 0, 0, 0, 1, 0, 0, 0, 1, 0, 2, 0)
ObjId = 5012
iconTextVisible = true
iconColor = [0.0, 0.0, 1.0]
iconImagePicker = 7
iconTeamOwnerId = 2

[node name="Spawns" type="Node3D" parent="TEAM_2_HQ"]

[node name="SpawnPoint" parent="TEAM_2_HQ/Spawns" instance=ExtResource("8_pu0lf")]
transform = Transform3D(-0.685119, 0, 0.728431, 0, 1, 0, -0.728431, 0, -0.685119, 7.60931, 0.581963, 0.132889)

[node name="SpawnPoint2" parent="TEAM_2_HQ/Spawns" instance=ExtResource("8_pu0lf")]
transform = Transform3D(-0.0510984, 0, 0.998694, 0, 1, 0, -0.998694, 0, -0.0510984, -12.2045, -0.150475, -3.91713)

[node name="SpawnPoint3" parent="TEAM_2_HQ/Spawns" instance=ExtResource("8_pu0lf")]
transform = Transform3D(-0.116289, 0, 0.993215, 0, 1, 0, -0.993215, 0, -0.116289, -8.77106, 3.6674, 20.1369)

[node name="CapturePointA" parent="." node_paths=PackedStringArray("CaptureArea", "InfantrySpawnPoints_Team1", "InfantrySpawnPoints_Team2") instance=ExtResource("17_k0mxx")]
transform = Transform3D(-4.37114e-08, 0, 1, 0, 1, 0, -1, 0, -4.37114e-08, 874.302, 85.703, 204.857)
ObjId = 201
CaptureArea = NodePath("CaptureArea")
InfantrySpawnPoints_Team1 = [NodePath("Spawns/Team1/SpawnPoint"), NodePath("Spawns/Team1/SpawnPoint2"), NodePath("Spawns/Team1/SpawnPoint3"), NodePath("Spawns/Team1/SpawnPoint4"), NodePath("Spawns/Team1/SpawnPoint5")]
InfantrySpawnPoints_Team2 = [NodePath("Spawns/Team2/SpawnPoint"), NodePath("Spawns/Team2/SpawnPoint2"), NodePath("Spawns/Team2/SpawnPoint3"), NodePath("Spawns/Team2/SpawnPoint4"), null]

[node name="CaptureArea" parent="CapturePointA" instance=ExtResource("6_32w0w")]
transform = Transform3D(1, 0, 0, 0, 1, 0, 0, 0, 1, -0.000183105, -1.60152, -0.000183105)
points = PackedVector2Array(-2.07952, -13.7942, -12.9717, 2.30306, -3.22527, 8.62492, 7.53607, 8.37082, 10.7405, -5.50459)
height = 10.0

[node name="Spawns" type="Node3D" parent="CapturePointA"]
transform = Transform3D(1, 0, 0, 0, 1, 0, 0, 0, 1, -4.30902, 0.000495911, -5.20299)

[node name="Team1" type="Node3D" parent="CapturePointA/Spawns"]

[node name="SpawnPoint" parent="CapturePointA/Spawns/Team1" instance=ExtResource("8_pu0lf")]
transform = Transform3D(0.854041, 0, 0.520205, 0, 1, 0, -0.520205, 0, 0.854041, -43.1062, -3.62239, 41.3323)

[node name="SpawnPoint2" parent="CapturePointA/Spawns/Team1" instance=ExtResource("8_pu0lf")]
transform = Transform3D(0.26855, 0, 0.963265, 0, 1, 0, -0.963265, 0, 0.26855, -32.4232, -2.18198, 51.9306)

[node name="SpawnPoint3" parent="CapturePointA/Spawns/Team1" instance=ExtResource("8_pu0lf")]
transform = Transform3D(-0.255175, 0, -0.966895, 0, 1, 0, 0.966895, 0, -0.255175, 27.167, -6.85103, 43.6137)

[node name="SpawnPoint4" parent="CapturePointA/Spawns/Team1" instance=ExtResource("8_pu0lf")]
transform = Transform3D(-0.945513, 0, -0.325585, 0, 1, 0, 0.325585, 0, -0.945513, -40.8127, -0.302711, 25.318)

[node name="SpawnPoint5" parent="CapturePointA/Spawns/Team1" instance=ExtResource("8_pu0lf")]
transform = Transform3D(-0.704597, 0, 0.709608, 0, 1, 0, -0.709608, 0, -0.704597, 42.9611, -8.61512, 38.6927)

[node name="Team2" type="Node3D" parent="CapturePointA/Spawns"]

[node name="SpawnPoint" parent="CapturePointA/Spawns/Team2" instance=ExtResource("8_pu0lf")]
transform = Transform3D(0.712087, 0, 0.702091, 0, 1, 0, -0.702091, 0, 0.712087, -15.4628, 3.41794, -46.0566)

[node name="SpawnPoint2" parent="CapturePointA/Spawns/Team2" instance=ExtResource("8_pu0lf")]
transform = Transform3D(0.582379, 0, 0.812918, 0, 1, 0, -0.812918, 0, 0.582379, -25.9755, 3.88132, -47.501)

[node name="SpawnPoint3" parent="CapturePointA/Spawns/Team2" instance=ExtResource("8_pu0lf")]
transform = Transform3D(0.114903, 0, 0.993377, 0, 1, 0, -0.993377, 0, 0.114903, -28.0497, 3.87789, -42.1846)

[node name="SpawnPoint4" parent="CapturePointA/Spawns/Team2" instance=ExtResource("8_pu0lf")]
transform = Transform3D(0.708241, 0, 0.70597, 0, 1, 0, -0.70597, 0, 0.708241, -30.0127, 3.87731, -35.5316)

[node name="CapturePointB" parent="." node_paths=PackedStringArray("CaptureArea", "InfantrySpawnPoints_Team1", "InfantrySpawnPoints_Team2") instance=ExtResource("17_k0mxx")]
transform = Transform3D(1, 0, 0, 0, 1, 0, 0, 0, 1, 852.753, 78.2329, 118.217)
ObjId = 202
CaptureArea = NodePath("CaptureArea")
InfantrySpawnPoints_Team1 = [NodePath("Team1/SpawnPoint"), NodePath("Team1/SpawnPoint2"), NodePath("Team1/SpawnPoint3"), NodePath("Team1/SpawnPoint4"), NodePath("Team1/SpawnPoint5")]
InfantrySpawnPoints_Team2 = [NodePath("Team2/SpawnPoint7"), NodePath("Team2/SpawnPoint6"), NodePath("Team2/SpawnPoint8"), NodePath("Team2/SpawnPoint9")]

[node name="CaptureArea" parent="CapturePointB" instance=ExtResource("6_32w0w")]
transform = Transform3D(1, 0, 0, 0, 1, 0, 0, 0, 1, 0.511108, -4.10074, -3.42596)
points = PackedVector2Array(-0.751343, -5.5044, -13.0037, 1.81949, -4.13818, 16.0962, 11.5167, 1.57037)
height = 10.0

[node name="Team1" type="Node3D" parent="CapturePointB"]

[node name="SpawnPoint" parent="CapturePointB/Team1" instance=ExtResource("8_pu0lf")]
transform = Transform3D(0.956142, 0, 0.292905, 0, 1, 0, -0.292905, 0, 0.956142, 7.48285, -3.55126, -23.1371)

[node name="SpawnPoint2" parent="CapturePointB/Team1" instance=ExtResource("8_pu0lf")]
transform = Transform3D(0.44573, 0, -0.895168, 0, 1, 0, 0.895168, 0, 0.44573, -4.41766, -3.82471, -31.1279)

[node name="SpawnPoint3" parent="CapturePointB/Team1" instance=ExtResource("8_pu0lf")]
transform = Transform3D(-0.867921, 0, -0.496702, 0, 1, 0, 0.496702, 0, -0.867921, 31.3721, 1.07879, 11.9859)

[node name="SpawnPoint4" parent="CapturePointB/Team1" instance=ExtResource("8_pu0lf")]
transform = Transform3D(-0.474227, 0, -0.880403, 0, 1, 0, 0.880403, 0, -0.474227, 37.0833, 0.104858, 18.6327)

[node name="SpawnPoint5" parent="CapturePointB/Team1" instance=ExtResource("8_pu0lf")]
transform = Transform3D(0.260403, 0, -0.9655, 0, 1, 0, 0.9655, 0, 0.260403, -14.7236, -3.83582, -40.2039)

[node name="Team2" type="Node3D" parent="CapturePointB"]

[node name="SpawnPoint6" parent="CapturePointB/Team2" instance=ExtResource("8_pu0lf")]
transform = Transform3D(0.456648, 0, 0.889648, 0, 1, 0, -0.889648, 0, 0.456648, -13.846, -3.72087, -40.2846)

[node name="SpawnPoint9" parent="CapturePointB/Team2" instance=ExtResource("8_pu0lf")]
transform = Transform3D(0.962379, 0, 0.271709, 0, 1, 0, -0.271709, 0, 0.962379, -4.02753, -3.80733, -40.3309)

[node name="SpawnPoint7" parent="CapturePointB/Team2" instance=ExtResource("8_pu0lf")]
transform = Transform3D(0.456648, 0, 0.889648, 0, 1, 0, -0.889648, 0, 0.456648, -30.0693, -3.58314, -37.098)

[node name="SpawnPoint8" parent="CapturePointB/Team2" instance=ExtResource("8_pu0lf")]
transform = Transform3D(0.90508, 0, -0.425242, 0, 1, 0, 0.425242, 0, 0.90508, -30.0068, 0.176048, -30.8411)

[node name="CapturePointC" parent="." node_paths=PackedStringArray("CaptureArea", "InfantrySpawnPoints_Team1", "InfantrySpawnPoints_Team2") instance=ExtResource("17_k0mxx")]
transform = Transform3D(1, 0, 0, 0, 1, 0, 0, 0, 1, 791.263, 82.293, 154.279)
ObjId = 203
CaptureArea = NodePath("CaptureArea")
InfantrySpawnPoints_Team1 = [NodePath("Spawns/Team1/SpawnPoint"), NodePath("Spawns/Team1/SpawnPoint2"), NodePath("Spawns/Team1/SpawnPoint3"), NodePath("Spawns/Team1/SpawnPoint4"), NodePath("Spawns/Team1/SpawnPoint5")]
InfantrySpawnPoints_Team2 = [NodePath("Spawns/Team2/SpawnPoint"), NodePath("Spawns/Team2/SpawnPoint2"), NodePath("Spawns/Team2/SpawnPoint3"), NodePath("Spawns/Team2/SpawnPoint4"), NodePath("Spawns/Team2/SpawnPoint5")]

[node name="CaptureArea" parent="CapturePointC" instance=ExtResource("6_32w0w")]
transform = Transform3D(1, 0, 0, 0, 1, 0, 0, 0, 1, -6.10352e-05, -0.20636, -0.000335693)
points = PackedVector2Array(4.42371, -7.71797, -7.63385, -4.69836, -4.41406, 6.95929, 7.15504, 4.17662)
height = 3.0

[node name="Spawns" type="Node3D" parent="CapturePointC"]
transform = Transform3D(1, 0, 0, 0, 1, 0, 0, 0, 1, 0.846985, 3.41048, -1.97301)

[node name="Team1" type="Node3D" parent="CapturePointC/Spawns"]

[node name="SpawnPoint" parent="CapturePointC/Spawns/Team1" instance=ExtResource("8_pu0lf")]
transform = Transform3D(0.994068, 0, 0.108762, 0, 1, 0, -0.108762, 0, 0.994068, -0.562988, -4.37988, -43.9223)

[node name="SpawnPoint2" parent="CapturePointC/Spawns/Team1" instance=ExtResource("8_pu0lf")]
transform = Transform3D(0.270231, 0, -0.962796, 0, 1, 0, 0.962796, 0, 0.270231, 29.2863, -3.67307, -24.1434)

[node name="SpawnPoint3" parent="CapturePointC/Spawns/Team1" instance=ExtResource("8_pu0lf")]
transform = Transform3D(-0.268987, 0, -0.963144, 0, 1, 0, 0.963144, 0, -0.268987, 31.3345, -3.69524, 15.7475)

[node name="SpawnPoint4" parent="CapturePointC/Spawns/Team1" instance=ExtResource("8_pu0lf")]
transform = Transform3D(0.604669, 0, -0.796477, 0, 1, 0, 0.796477, 0, 0.604669, 10.4097, 0.0554047, 37.9172)

[node name="SpawnPoint5" parent="CapturePointC/Spawns/Team1" instance=ExtResource("8_pu0lf")]
transform = Transform3D(0.983828, 0, 0.179111, 0, 1, 0, -0.179111, 0, 0.983828, -18.8242, -6.56369, -34.2781)

[node name="Team2" type="Node3D" parent="CapturePointC/Spawns"]

[node name="SpawnPoint" parent="CapturePointC/Spawns/Team2" instance=ExtResource("8_pu0lf")]
transform = Transform3D(-0.970506, 0, 0.241075, 0, 1, 0, -0.241075, 0, -0.970506, -33.6865, -3.62191, 4.8419)

[node name="SpawnPoint2" parent="CapturePointC/Spawns/Team2" instance=ExtResource("8_pu0lf")]
transform = Transform3D(-0.997949, 0, -0.0640097, 0, 1, 0, 0.0640097, 0, -0.997949, -29.6497, -3.53829, 25.7377)

[node name="SpawnPoint3" parent="CapturePointC/Spawns/Team2" instance=ExtResource("8_pu0lf")]
transform = Transform3D(-0.992822, 0, 0.1196, 0, 1, 0, -0.1196, 0, -0.992822, -22.2178, -0.821716, 38.4247)

[node name="SpawnPoint4" parent="CapturePointC/Spawns/Team2" instance=ExtResource("8_pu0lf")]
transform = Transform3D(0.868484, 0, 0.495716, 0, 1, 0, -0.495716, 0, 0.868484, -15.2964, -6.624, -30.0848)

[node name="SpawnPoint5" parent="CapturePointC/Spawns/Team2" instance=ExtResource("8_pu0lf")]
transform = Transform3D(0.356216, 0, 0.934404, 0, 1, 0, -0.934404, 0, 0.356216, -39.3986, -5.95049, -6.16139)

[node name="CombatArea" type="Node3D" parent="." node_paths=PackedStringArray("CombatVolume")]
transform = Transform3D(1, 0, 0, 0, 1, 0, 0, 0, 1, 820, 89.208, 150)
script = ExtResource("5_w0w8x")
CombatVolume = NodePath("CombatVolume")

[node name="CombatVolume" parent="CombatArea" instance=ExtResource("6_32w0w")]
transform = Transform3D(1, 0, 0, 0, 1, 0, 0, 0, 1, 4.09167, 0, 16.3403)
points = PackedVector2Array(98.7803, 29.3634, 91.8574, -2.38251, 67.7141, -38.7882, 45.2121, -68.0598, 15.1999, -101.856, 5.08045, -93.2836, 3.81845, -94.9774, -6.26181, -86.1766, -8.61234, -83.164, -51.1646, -52.3845, -70.404, -43.0326, -89.5041, -30.0537, -65.0066, 72.4627, -53.1904, 65.6132, -38.5933, 61.2076, -23.3083, 60.3223, -13.0122, 61.179, -6.70163, 66.1535, -4.68552, 70.6505, 19.0582, 80.2325, 35.9888, 59.0123, 47.7345, 67.9614)

[node name="AddedAssets" type="Node3D" parent="."]

[node name="BarrierStoneBlock_01_H" parent="AddedAssets" instance=ExtResource("22_a1cjy")]
transform = Transform3D(0.721156, 0, -0.692773, 0, 1, 0, 0.692773, 0, 0.721156, 815.684, 78.361, 82.7543)

[node name="BarrierStoneBlock_01_H50" parent="AddedAssets" instance=ExtResource("22_a1cjy")]
transform = Transform3D(0.530674, 0, -0.847576, 0, 1, 0, 0.847576, 0, 0.530674, 801.209, 78.361, 107.697)

[node name="BarrierStoneBlock_01_H56" parent="AddedAssets" instance=ExtResource("22_a1cjy")]
transform = Transform3D(-0.824462, 0, -0.565917, 0, 1, 0, 0.565917, 0, -0.824462, 798.734, 81.0234, 106.959)

[node name="BarrierStoneBlock_01_H57" parent="AddedAssets" instance=ExtResource("22_a1cjy")]
transform = Transform3D(-0.824462, 0, -0.565917, 0, 1, 0, 0.565917, 0, -0.824462, 794.263, 82.1979, 100.646)

[node name="BarrierStoneBlock_01_H44" parent="AddedAssets" instance=ExtResource("22_a1cjy")]
transform = Transform3D(0.829954, 0, 0.557832, 0, 1, 0, -0.557832, 0, 0.829954, 814.762, 77.9213, 87.1914)

[node name="BarrierStoneBlock_01_H45" parent="AddedAssets" instance=ExtResource("22_a1cjy")]
transform = Transform3D(0.829954, 0, 0.557832, 0, 1, 0, -0.557832, 0, 0.829954, 816.825, 77.9213, 90.5031)

[node name="BarrierStoneBlock_01_H46" parent="AddedAssets" instance=ExtResource("22_a1cjy")]
transform = Transform3D(0.829954, 0, 0.557832, 0, 1, 0, -0.557832, 0, 0.829954, 818.685, 77.9213, 93.1067)

[node name="BarrierStoneBlock_01_H58" parent="AddedAssets" instance=ExtResource("22_a1cjy")]
transform = Transform3D(-0.620067, 0, 0.784549, 0, 1, 0, -0.784549, 0, -0.620067, 817.861, 77.9213, 95.8021)

[node name="BarrierStoneBlock_01_H59" parent="AddedAssets" instance=ExtResource("22_a1cjy")]
transform = Transform3D(-0.620067, 0, 0.784549, 0, 1, 0, -0.784549, 0, -0.620067, 814.619, 77.9213, 98.1701)

[node name="BarrierStoneBlock_01_H60" parent="AddedAssets" instance=ExtResource("22_a1cjy")]
transform = Transform3D(-0.620067, 0, 0.784549, 0, 1, 0, -0.784549, 0, -0.620067, 810.51, 77.9213, 101.059)

[node name="BarrierStoneBlock_01_H61" parent="AddedAssets" instance=ExtResource("22_a1cjy")]
transform = Transform3D(-0.574848, 0, 0.81826, 0, 1, 0, -0.81826, 0, -0.574848, 805.486, 77.9213, 104.512)

[node name="BarrierStoneBlock_01_H128" parent="AddedAssets" instance=ExtResource("22_a1cjy")]
transform = Transform3D(-0.574848, 0, 0.81826, 0, 1, 0, -0.81826, 0, -0.574848, 807.749, 77.9213, 103.073)

[node name="BarrierStoneBlock_01_H47" parent="AddedAssets" instance=ExtResource("22_a1cjy")]
transform = Transform3D(0.793534, 0, 0.608526, 0, 1, 0, -0.608526, 0, 0.793534, 814.274, 81.4556, 87.3196)

[node name="BarrierStoneBlock_01_H48" parent="AddedAssets" instance=ExtResource("22_a1cjy")]
transform = Transform3D(0.793534, 0, 0.608526, 0, 1, 0, -0.608526, 0, 0.793534, 816.484, 81.4556, 90.4996)

[node name="BarrierStoneBlock_01_H49" parent="AddedAssets" instance=ExtResource("22_a1cjy")]
transform = Transform3D(0.793534, 0, 0.608526, 0, 1, 0, -0.608526, 0, 0.793534, 818.503, 81.4556, 92.9821)

[node name="BarrierStoneBlock_01_H18" parent="AddedAssets" instance=ExtResource("22_a1cjy")]
transform = Transform3D(0.591324, 0, -0.806434, 0, 1, 0, 0.806434, 0, 0.591324, 787.705, 80.4561, 102.838)

[node name="BarrierStoneBlock_01_H19" parent="AddedAssets" instance=ExtResource("22_a1cjy")]
transform = Transform3D(0.591324, 0, -0.806434, 0, 1, 0, 0.806434, 0, 0.591324, 790.911, 81.3119, 100.418)

[node name="BarrierStoneBlock_01_H20" parent="AddedAssets" instance=ExtResource("22_a1cjy")]
transform = Transform3D(0.591324, 0, -0.806434, 0, 1, 0, 0.806434, 0, 0.591324, 785.071, 81.6667, 105.13)

[node name="BarrierStoneBlock_01_H21" parent="AddedAssets" instance=ExtResource("22_a1cjy")]
transform = Transform3D(0.461284, 0, -0.887252, 0, 1, 0, 0.887252, 0, 0.461284, 770.058, 78.8404, 115.498)

[node name="BarrierStoneBlock_01_H22" parent="AddedAssets" instance=ExtResource("22_a1cjy")]
transform = Transform3D(0.400221, 0, -0.916419, 0, 1, 0, 0.916419, 0, 0.400221, 765.575, 78.581, 117.725)

[node name="BarrierStoneBlock_01_H23" parent="AddedAssets" instance=ExtResource("22_a1cjy")]
transform = Transform3D(0.401532, 0, -0.915845, 0, 1, 0, 0.915845, 0, 0.401532, 760.883, 78.309, 119.721)

[node name="BarrierStoneBlock_01_H24" parent="AddedAssets" instance=ExtResource("22_a1cjy")]
transform = Transform3D(0.483282, 0, -0.875465, 0, 1, 0, 0.875465, 0, 0.483282, 756.333, 78.1911, 121.819)

[node name="BarrierStoneBlock_01_G4" parent="AddedAssets" instance=ExtResource("14_wkodg")]
transform = Transform3D(-0.9641, 0, -0.265539, 0, 1, 0, 0.265539, 0, -0.9641, 902.434, 81.8912, 167.367)

[node name="BarrierStoneBlock_01_G19" parent="AddedAssets" instance=ExtResource("14_wkodg")]
transform = Transform3D(-0.9641, 0, -0.265539, 0, 1, 0, 0.265539, 0, -0.9641, 901, 81.8912, 163.942)

[node name="BarrierStoneBlock_01_G26" parent="AddedAssets" instance=ExtResource("14_wkodg")]
transform = Transform3D(0.987017, 0.000692707, -0.160613, 0.0014119, 0.999915, 0.0129891, 0.160609, -0.0130471, 0.986932, 796.86, 86.2594, 176.598)

[node name="BarrierStoneBlock_01_G27" parent="AddedAssets" instance=ExtResource("14_wkodg")]
transform = Transform3D(0.976381, 0.00142787, -0.216051, 0.0014119, 0.999915, 0.0129891, 0.216052, -0.0129873, 0.976296, 797.349, 86.2594, 173.766)

[node name="BarrierStoneBlock_01_G28" parent="AddedAssets" instance=ExtResource("14_wkodg")]
transform = Transform3D(0.665956, 0.00874951, -0.74594, 0.0014119, 0.999915, 0.0129891, 0.74599, -0.0097033, 0.665887, 799.529, 86.2594, 170.364)

[node name="BarrierStoneBlock_01_G29" parent="AddedAssets" instance=ExtResource("14_wkodg")]
transform = Transform3D(0.610432, 0.00942641, -0.792013, 0.0014119, 0.999915, 0.0129891, 0.792068, -0.00904714, 0.610366, 803.538, 86.2594, 167.097)

[node name="BarrierStoneBlock_01_G30" parent="AddedAssets" instance=ExtResource("14_wkodg")]
transform = Transform3D(-0.490938, 0.0120091, -0.871112, 0.0014119, 0.999915, 0.0129891, 0.871194, 0.00514688, -0.490912, 808.103, 86.2748, 166.4)

[node name="BarrierStoneBlock_01_G31" parent="AddedAssets" instance=ExtResource("14_wkodg")]
transform = Transform3D(-0.490938, 0.0120091, -0.871112, 0.0014119, 0.999915, 0.0129891, 0.871194, 0.00514688, -0.490912, 812.459, 86.9263, 168.924)

[node name="BarrierStoneBlock_01_G32" parent="AddedAssets" instance=ExtResource("14_wkodg")]
transform = Transform3D(-0.490938, 0.0120091, -0.871112, 0.0014119, 0.999915, 0.0129891, 0.871194, 0.00514688, -0.490912, 816.769, 86.9263, 171.382)

[node name="BarrierStoneBlock_01_G33" parent="AddedAssets" instance=ExtResource("14_wkodg")]
transform = Transform3D(-0.623309, 0.0110371, -0.781898, 0.0014119, 0.999915, 0.0129891, 0.781974, 0.00699222, -0.623272, 820.952, 86.9263, 174.24)

[node name="BarrierStoneBlock_01_G5" parent="AddedAssets" instance=ExtResource("14_wkodg")]
transform = Transform3D(-0.9641, 3.23561e-09, -0.265539, 0.0928288, 0.936904, -0.337036, 0.248785, -0.349586, -0.903269, 904.117, 82.6436, 172.357)

[node name="BarrierStoneBlock_01_G6" parent="AddedAssets" instance=ExtResource("14_wkodg")]
transform = Transform3D(-0.930913, -0.00578528, -0.365194, 0.0146238, 0.998482, -0.0530951, 0.364947, -0.0547674, -0.929416, 905.647, 83.2878, 177.082)

[node name="BarrierStoneBlock_01_G7" parent="AddedAssets" instance=ExtResource("14_wkodg")]
transform = Transform3D(-0.930913, -0.00578528, -0.365194, 0.0146238, 0.998482, -0.0530951, 0.364947, -0.0547674, -0.929416, 907.091, 83.8168, 181.251)

[node name="BarrierStoneBlock_01_G9" parent="AddedAssets" instance=ExtResource("14_wkodg")]
transform = Transform3D(-0.52397, 0.0528784, 0.850093, 0.0146238, 0.998482, -0.0530951, -0.851611, -0.0153886, -0.523949, 910.513, 88.4843, 205.541)

[node name="BarrierStoneBlock_01_G10" parent="AddedAssets" instance=ExtResource("14_wkodg")]
transform = Transform3D(-0.52397, 0.0528784, 0.850093, 0.0146238, 0.998482, -0.0530951, -0.851611, -0.0153886, -0.523949, 912.053, 87.1688, 203.96)

[node name="BarrierStoneBlock_01_H67" parent="AddedAssets" instance=ExtResource("22_a1cjy")]
transform = Transform3D(0.525962, 0, 0.850508, 0, 1, 0, -0.850508, 0, 0.525962, 887.852, 88.554, 181.887)

[node name="BarrierStoneBlock_01_H68" parent="AddedAssets" instance=ExtResource("22_a1cjy")]
transform = Transform3D(0.777761, 0, 0.628561, 0, 1, 0, -0.628561, 0, 0.777761, 885.597, 88.1323, 179.508)

[node name="BarrierStoneBlock_01_H69" parent="AddedAssets" instance=ExtResource("22_a1cjy")]
transform = Transform3D(0.935752, 0, 0.352658, 0, 1, 0, -0.352658, 0, 0.935752, 884.777, 88.2505, 100.986)

[node name="BarrierStoneBlock_01_H70" parent="AddedAssets" instance=ExtResource("22_a1cjy")]
transform = Transform3D(0.780714, 0, 0.624888, 0, 1, 0, -0.624888, 0, 0.780714, 883.563, 87.1366, 176.432)

[node name="BarrierStoneBlock_01_H71" parent="AddedAssets" instance=ExtResource("22_a1cjy")]
transform = Transform3D(0.993244, 0, 0.116046, 0, 1, 0, -0.116046, 0, 0.993244, 882.421, 86.5213, 173.263)

[node name="BarrierStoneBlock_01_H72" parent="AddedAssets" instance=ExtResource("22_a1cjy")]
transform = Transform3D(0.200275, 0, 0.97974, 0, 1, 0, -0.97974, 0, 0.200275, 878.647, 84.8628, 162.269)

[node name="BarrierStoneBlock_01_H73" parent="AddedAssets" instance=ExtResource("22_a1cjy")]
transform = Transform3D(0.726059, 0, 0.687632, 0, 1, 0, -0.687632, 0, 0.726059, 878.125, 85.3916, 155.511)

[node name="BarrierStoneBlock_01_H74" parent="AddedAssets" instance=ExtResource("22_a1cjy")]
transform = Transform3D(-0.595608, 0, 0.803275, 0, 1, 0, -0.803275, 0, -0.595608, 882.134, 85.2325, 155.511)

[node name="BarrierStoneBlock_01_H75" parent="AddedAssets" instance=ExtResource("22_a1cjy")]
transform = Transform3D(0.726059, 0, 0.687632, 0, 1, 0, -0.687632, 0, 0.726059, 874.791, 85.3916, 152.124)

[node name="BarrierStoneBlock_01_H76" parent="AddedAssets" instance=ExtResource("22_a1cjy")]
transform = Transform3D(0.726059, 0, 0.687632, 0, 1, 0, -0.687632, 0, 0.726059, 871.18, 85.3916, 148.354)

[node name="BarrierStoneBlock_01_H77" parent="AddedAssets" instance=ExtResource("22_a1cjy")]
transform = Transform3D(-0.0859384, 0, 0.9963, 0, 1, 0, -0.9963, 0, -0.0859384, 883.258, 84.3453, 162.269)

[node name="BarrierStoneBlock_01_H78" parent="AddedAssets" instance=ExtResource("22_a1cjy")]
transform = Transform3D(-0.134851, 0, 0.990866, 0, 1, 0, -0.990866, 0, -0.134851, 887.769, 84.0032, 161.428)

[node name="BarrierStoneBlock_01_H79" parent="AddedAssets" instance=ExtResource("22_a1cjy")]
transform = Transform3D(-0.451952, 0, 0.892042, 0, 1, 0, -0.892042, 0, -0.451952, 891.844, 82.7303, 159.216)

[node name="BarrierStoneBlock_01_H80" parent="AddedAssets" instance=ExtResource("22_a1cjy")]
transform = Transform3D(-0.329723, 0, 0.944078, 0, 1, 0, -0.944078, 0, -0.329723, 898.027, 81.8077, 162.697)

[node name="BarrierStoneBlock_01_H81" parent="AddedAssets" instance=ExtResource("22_a1cjy")]
transform = Transform3D(-0.268146, 0, 0.963378, 0, 1, 0, -0.963378, 0, -0.268146, 894.696, 82.7377, 163.572)

[node name="BarrierStoneBlock_01_H82" parent="AddedAssets" instance=ExtResource("22_a1cjy")]
transform = Transform3D(-0.451952, 0, 0.892042, 0, 1, 0, -0.892042, 0, -0.451952, 895.791, 81.5364, 156.823)

[node name="BarrierStoneBlock_01_H83" parent="AddedAssets" instance=ExtResource("22_a1cjy")]
transform = Transform3D(-0.938716, 0, 0.344692, 0, 1, 0, -0.344692, 0, -0.938716, 897.675, 81.1389, 153.85)

[node name="BarrierStoneBlock_01_H84" parent="AddedAssets" instance=ExtResource("22_a1cjy")]
transform = Transform3D(-0.854087, 0, -0.52013, 0, 1, 0, 0.52013, 0, -0.854087, 896.81, 81.1389, 149.934)

[node name="BarrierStoneBlock_01_H85" parent="AddedAssets" instance=ExtResource("22_a1cjy")]
transform = Transform3D(-0.854087, 0, -0.52013, 0, 1, 0, 0.52013, 0, -0.854087, 894.877, 81.1389, 146.789)

[node name="BarrierStoneBlock_01_H86" parent="AddedAssets" instance=ExtResource("22_a1cjy")]
transform = Transform3D(0.227739, 0, 0.973722, 0, 1, 0, -0.973722, 0, 0.227739, 873.57, 85.2006, 161.366)

[node name="BarrierStoneBlock_01_H87" parent="AddedAssets" instance=ExtResource("22_a1cjy")]
transform = Transform3D(0.9394, 0, 0.342823, 0, 1, 0, -0.342823, 0, 0.9394, 869.876, 85.4465, 158.839)

[node name="BarrierStoneBlock_01_H88" parent="AddedAssets" instance=ExtResource("22_a1cjy")]
transform = Transform3D(0.9394, 0, 0.342823, 0, 1, 0, -0.342823, 0, 0.9394, 868.191, 85.6857, 154.528)

[node name="BarrierStoneBlock_01_H89" parent="AddedAssets" instance=ExtResource("22_a1cjy")]
transform = Transform3D(0.994989, 0, 0.0999793, 0, 1, 0, -0.0999793, 0, 0.994989, 867.148, 85.6896, 150.448)

[node name="BarrierStoneBlock_01_H90" parent="AddedAssets" instance=ExtResource("22_a1cjy")]
transform = Transform3D(0.983464, 0, 0.181102, 0, 1, 0, -0.181102, 0, 0.983464, 866.369, 85.6896, 146)

[node name="BarrierStoneBlock_01_H91" parent="AddedAssets" instance=ExtResource("22_a1cjy")]
transform = Transform3D(0.731199, 0, 0.682164, 0, 1, 0, -0.682164, 0, 0.731199, 868.152, 85.6896, 144.882)

[node name="BarrierStoneBlock_01_H92" parent="AddedAssets" instance=ExtResource("22_a1cjy")]
transform = Transform3D(0.793024, 0, 0.609191, 0, 1, 0, -0.609191, 0, 0.793024, 890.263, 91.0463, 185.379)

[node name="BarrierStoneBlock_01_H127" parent="AddedAssets" instance=ExtResource("22_a1cjy")]
transform = Transform3D(0.793024, 0, 0.609191, 0, 1, 0, -0.609191, 0, 0.793024, 890.263, 88.1988, 185.379)

[node name="BarrierStoneBlock_01_H93" parent="AddedAssets" instance=ExtResource("22_a1cjy")]
transform = Transform3D(0.793024, 0, 0.609191, 0, 1, 0, -0.609191, 0, 0.793024, 893.359, 90.2681, 189.038)

[node name="BarrierStoneBlock_01_H94" parent="AddedAssets" instance=ExtResource("22_a1cjy")]
transform = Transform3D(0.793024, 0, 0.609191, 0, 1, 0, -0.609191, 0, 0.793024, 896.46, 90.2681, 192.76)

[node name="BarrierStoneBlock_01_H95" parent="AddedAssets" instance=ExtResource("22_a1cjy")]
transform = Transform3D(0.843054, 0, 0.53783, 0, 1, 0, -0.53783, 0, 0.843054, 898.335, 85.9841, 196.503)

[node name="BarrierStoneBlock_01_H96" parent="AddedAssets" instance=ExtResource("22_a1cjy")]
transform = Transform3D(0.843054, 0, 0.53783, 0, 1, 0, -0.53783, 0, 0.843054, 898.335, 89.5879, 196.503)

[node name="BarrierStoneBlock_01_H97" parent="AddedAssets" instance=ExtResource("22_a1cjy")]
transform = Transform3D(0.919073, 0, 0.394086, 0, 1, 0, -0.394086, 0, 0.919073, 900.578, 89.5879, 200.808)

[node name="BarrierStoneBlock_01_H98" parent="AddedAssets" instance=ExtResource("22_a1cjy")]
transform = Transform3D(0.919073, 0, 0.394086, 0, 1, 0, -0.394086, 0, 0.919073, 902.392, 89.5879, 205.205)

[node name="BarrierStoneBlock_01_H99" parent="AddedAssets" instance=ExtResource("22_a1cjy")]
transform = Transform3D(0.919073, 0, 0.394086, 0, 1, 0, -0.394086, 0, 0.919073, 903.705, 89.3455, 207.713)

[node name="BarrierStoneBlock_01_H100" parent="AddedAssets" instance=ExtResource("22_a1cjy")]
transform = Transform3D(-0.394102, 0, 0.919067, 0, 1, 0, -0.919067, 0, -0.394102, 907.109, 88.8353, 207.713)

[node name="BarrierStoneBlock_01_H2" parent="AddedAssets" instance=ExtResource("22_a1cjy")]
transform = Transform3D(0.721156, 0, -0.692773, 0, 1, 0, 0.692773, 0, 0.721156, 819.245, 78.3847, 79.0244)

[node name="BarrierStoneBlock_01_H3" parent="AddedAssets" instance=ExtResource("22_a1cjy")]
transform = Transform3D(0.721156, 0, -0.692773, 0, 1, 0, 0.692773, 0, 0.721156, 819.245, 74.544, 79.0244)

[node name="BarrierStoneBlock_01_H4" parent="AddedAssets" instance=ExtResource("22_a1cjy")]
transform = Transform3D(0.721156, 0, -0.692773, 0, 1, 0, 0.692773, 0, 0.721156, 822.729, 74.3393, 75.124)

[node name="BarrierStoneBlock_01_H5" parent="AddedAssets" instance=ExtResource("22_a1cjy")]
transform = Transform3D(0.721156, 0, -0.692773, 0, 1, 0, 0.692773, 0, 0.721156, 825.205, 74.3393, 72.7753)

[node name="BarrierStoneBlock_01_H6" parent="AddedAssets" instance=ExtResource("22_a1cjy")]
transform = Transform3D(0.721156, 0, -0.692773, 0, 1, 0, 0.692773, 0, 0.721156, 831.506, 74.3393, 71.3311)

[node name="BarrierStoneBlock_01_H7" parent="AddedAssets" instance=ExtResource("22_a1cjy")]
transform = Transform3D(0.686275, 0, -0.727342, 0, 1, 0, 0.727342, 0, 0.686275, 835.174, 74.3393, 67.8843)

[node name="BarrierStoneBlock_01_H8" parent="AddedAssets" instance=ExtResource("22_a1cjy")]
transform = Transform3D(0.686275, 0, -0.727342, 0, 1, 0, 0.727342, 0, 0.686275, 837.825, 74.3393, 65.3213)

[node name="BarrierStoneBlock_01_H9" parent="AddedAssets" instance=ExtResource("22_a1cjy")]
transform = Transform3D(0.772457, 0, 0.635068, 0, 1, 0, -0.635068, 0, 0.772457, 840.477, 74.3393, 65.3213)

[node name="BarrierStoneBlock_01_H10" parent="AddedAssets" instance=ExtResource("22_a1cjy")]
transform = Transform3D(0.772457, 0, 0.635068, 0, 1, 0, -0.635068, 0, 0.772457, 843.747, 74.3393, 69.2542)

[node name="BarrierStoneBlock_01_H11" parent="AddedAssets" instance=ExtResource("22_a1cjy")]
transform = Transform3D(0.772457, 0, 0.635068, 0, 1, 0, -0.635068, 0, 0.772457, 847.238, 74.3393, 73.187)

[node name="BarrierStoneBlock_01_H12" parent="AddedAssets" instance=ExtResource("22_a1cjy")]
transform = Transform3D(0.772457, 0, 0.635068, 0, 1, 0, -0.635068, 0, 0.772457, 850.596, 74.3393, 77.2083)

[node name="BarrierStoneBlock_01_H13" parent="AddedAssets" instance=ExtResource("22_a1cjy")]
transform = Transform3D(0.772457, 0, 0.635068, 0, 1, 0, -0.635068, 0, 0.772457, 853.999, 74.3393, 80.8318)

[node name="BarrierStoneBlock_01_H14" parent="AddedAssets" instance=ExtResource("22_a1cjy")]
transform = Transform3D(0.772457, 0, 0.635068, 0, 1, 0, -0.635068, 0, 0.772457, 857.368, 74.3393, 84.7861)

[node name="BarrierStoneBlock_01_H15" parent="AddedAssets" instance=ExtResource("22_a1cjy")]
transform = Transform3D(0.772457, 0, 0.635068, 0, 1, 0, -0.635068, 0, 0.772457, 860.793, 74.3393, 88.6847)

[node name="BarrierStoneBlock_01_H16" parent="AddedAssets" instance=ExtResource("22_a1cjy")]
transform = Transform3D(0.772457, 0, 0.635068, 0, 1, 0, -0.635068, 0, 0.772457, 864.191, 74.3393, 92.6668)

[node name="BarrierStoneBlock_01_H17" parent="AddedAssets" instance=ExtResource("22_a1cjy")]
transform = Transform3D(0.772457, 0, 0.635068, 0, 1, 0, -0.635068, 0, 0.772457, 867.059, 75.997, 96.2312)

[node name="BarrierStoneBlock_01_H25" parent="AddedAssets" instance=ExtResource("22_a1cjy")]
transform = Transform3D(0.825537, 0, 0.564348, 0, 1, 0, -0.564348, 0, 0.825537, 893.584, 76.9801, 130.371)

[node name="BarrierStoneBlock_01_H26" parent="AddedAssets" instance=ExtResource("22_a1cjy")]
transform = Transform3D(0.825537, 0, 0.564348, 0, 1, 0, -0.564348, 0, 0.825537, 896.616, 76.8613, 134.532)

[node name="BarrierStoneBlock_01_H27" parent="AddedAssets" instance=ExtResource("22_a1cjy")]
transform = Transform3D(0.825537, 0, 0.564348, 0, 1, 0, -0.564348, 0, 0.825537, 899.648, 76.4734, 138.833)

[node name="BarrierStoneBlock_01_H28" parent="AddedAssets" instance=ExtResource("22_a1cjy")]
transform = Transform3D(0.844683, 0, 0.535267, 0, 1, 0, -0.535267, 0, 0.844683, 902.462, 76.2066, 143.129)

[node name="BarrierStoneBlock_01_H29" parent="AddedAssets" instance=ExtResource("22_a1cjy")]
transform = Transform3D(0.844683, 0, 0.535267, 0, 1, 0, -0.535267, 0, 0.844683, 905.219, 76.1102, 147.437)

[node name="BarrierStoneBlock_01_H30" parent="AddedAssets" instance=ExtResource("22_a1cjy")]
transform = Transform3D(0.844683, 0, 0.535267, 0, 1, 0, -0.535267, 0, 0.844683, 908.111, 75.8025, 151.809)

[node name="BarrierStoneBlock_01_H31" parent="AddedAssets" instance=ExtResource("22_a1cjy")]
transform = Transform3D(0.844683, 0, 0.535267, 0, 1, 0, -0.535267, 0, 0.844683, 911.002, 75.8025, 156.181)

[node name="BarrierStoneBlock_01_H32" parent="AddedAssets" instance=ExtResource("22_a1cjy")]
transform = Transform3D(0.844683, 0, 0.535267, 0, 1, 0, -0.535267, 0, 0.844683, 913.964, 75.8442, 160.554)

[node name="BarrierStoneBlock_01_H33" parent="AddedAssets" instance=ExtResource("22_a1cjy")]
transform = Transform3D(0.975653, 0, 0.219318, 0, 1, 0, -0.219318, 0, 0.975653, 915.833, 78.157, 165.555)

[node name="BarrierStoneBlock_01_H34" parent="AddedAssets" instance=ExtResource("22_a1cjy")]
transform = Transform3D(0.966846, 0, 0.255361, 0, 1, 0, -0.255361, 0, 0.966846, 917.318, 77.9059, 170.431)

[node name="BarrierStoneBlock_01_H35" parent="AddedAssets" instance=ExtResource("22_a1cjy")]
transform = Transform3D(0.977224, 0, 0.212212, 0, 1, 0, -0.212212, 0, 0.977224, 918.327, 77.9059, 175.209)

[node name="BarrierStoneBlock_01_H36" parent="AddedAssets" instance=ExtResource("22_a1cjy")]
transform = Transform3D(0.977224, 0, 0.212212, 0, 1, 0, -0.212212, 0, 0.977224, 919.527, 78.4473, 180.011)

[node name="BarrierStoneBlock_01_H37" parent="AddedAssets" instance=ExtResource("22_a1cjy")]
transform = Transform3D(0.977224, 0, 0.212212, 0, 1, 0, -0.212212, 0, 0.977224, 920.487, 78.9345, 185.173)

[node name="BarrierStoneBlock_01_H38" parent="AddedAssets" instance=ExtResource("22_a1cjy")]
transform = Transform3D(0.977224, 0, 0.212212, 0, 1, 0, -0.212212, 0, 0.977224, 921.688, 79.4717, 190.095)

