[gd_scene format=3 uid="uid://pg3hflpgyfb3"]

[ext_resource type="PackedScene" path="res://objects/Gameplay/Common/HQ_PlayerSpawner.tscn" id="1_s4vcd"]
[ext_resource type="PackedScene" path="res://objects/entities/SpawnPoint.tscn" id="2_aquu2"]
[ext_resource type="PackedScene" path="res://objects/props/FlagPole_01_USA.tscn" id="3_2wxng"]
[ext_resource type="PackedScene" path="res://objects/Gameplay/Common/InteractPoint.tscn" id="4_ew1gq"]
[ext_resource type="Script" uid="uid://3hvpbglts2bi" path="res://scripts/gameplay/common/WorldIcon.gd" id="5_qt05s"]
[ext_resource type="PackedScene" path="res://objects/Gameplay/Common/WorldIcon.tscn" id="6_m1l1n"]
[ext_resource type="PackedScene" uid="uid://jv31so3xcr7p" path="res://addons/bf_portal/portal_tools/types/PolygonVolume/PolygonVolume.tscn" id="7_b32bk"]
[ext_resource type="PackedScene" path="res://objects/props/BarrierStoneBlock_01_H.tscn" id="8_rwlnv"]
[ext_resource type="PackedScene" path="res://objects/Gameplay/Common/CombatArea.tscn" id="9_wdkj6"]
[ext_resource type="PackedScene" path="res://objects/Gameplay/Common/DeployCam.tscn" id="10_8hkf4"]
[ext_resource type="PackedScene" path="res://static/MP_Dumbo_Terrain.tscn" id="11_byr8t"]
[ext_resource type="PackedScene" path="res://static/MP_Dumbo_Assets.tscn" id="12_m1rsi"]
[ext_resource type="PackedScene" path="res://objects/entities/CapturePoint.tscn" id="13_rdkej"]
[ext_resource type="PackedScene" path="res://objects/Gameplay/Common/Sector.tscn" id="14_yapq1"]
[ext_resource type="PackedScene" path="res://objects/gameplay/common/AreaTrigger.tscn" id="15_fsxuu"]
[ext_resource type="PackedScene" path="res://objects/props/BarrierBlockConcrete_02_128_180.tscn" id="16_oqkdf"]
[ext_resource type="PackedScene" path="res://objects/uncategorized/GMetroBus_01_Brooklyn.tscn" id="17_iyw1l"]
[ext_resource type="PackedScene" path="res://objects/props/BarrierBlockConcrete_01_256x180_A.tscn" id="18_x2oq0"]
[ext_resource type="PackedScene" path="res://objects/props/BarrierStoneBlock_01_F.tscn" id="19_jrpuw"]
[ext_resource type="PackedScene" path="res://objects/props/BarrierStoneBlock_01_C.tscn" id="20_7eokr"]
[ext_resource type="PackedScene" path="res://objects/props/BarrierStoneBlock_01_A.tscn" id="21_4nvwn"]

[node name="MP_Dumbo" type="Node3D" unique_id=891175172]

[node name="TEAM_1_HQ" parent="." unique_id=280601937 node_paths=PackedStringArray("HQArea", "InfantrySpawns") instance=ExtResource("1_s4vcd")]
transform = Transform3D(1, 0, 0, 0, 1, 0, 0, 0, 1, -113.08, 54.0586, -352.856)
AltTeam = 0
ObjId = 101
HQArea = NodePath("HQ_Team1")
InfantrySpawns = [NodePath("SpawnPoint_1_1"), NodePath("SpawnPoint_1_2"), NodePath("SpawnPoint_1_3"), NodePath("SpawnPoint_1_4")]

[node name="SpawnPoint_1_1" parent="TEAM_1_HQ" unique_id=229492446 instance=ExtResource("2_aquu2")]
transform = Transform3D(0.999884, 0, -0.0152535, 0, 1, 0, 0.0152535, 0, 0.999884, -3.70127, 0.1105, -4.23425)

[node name="SpawnPoint_1_2" parent="TEAM_1_HQ" unique_id=1426377063 instance=ExtResource("2_aquu2")]
transform = Transform3D(0.153159, 0, 0.988202, 0, 1, 0, -0.988202, 0, 0.153159, 2.58272, 0.1978, -4.08298)

[node name="SpawnPoint_1_3" parent="TEAM_1_HQ" unique_id=1944077088 instance=ExtResource("2_aquu2")]
transform = Transform3D(-0.0428871, 0, 0.99908, 0, 1, 0, -0.99908, 0, -0.0428871, -10.1594, 0.0354042, -3.97342)

[node name="SpawnPoint_1_4" parent="TEAM_1_HQ" unique_id=1537744792 instance=ExtResource("2_aquu2")]
transform = Transform3D(0.408904, 0, 0.912577, 0, 1, 0, -0.912577, 0, 0.408904, 4.84603, 0.383953, 4.97806)

[node name="InteractArea" parent="TEAM_1_HQ" unique_id=52956621 instance=ExtResource("3_2wxng")]
transform = Transform3D(-4.37114e-08, 0, 1, 0, 1, 0, -1, 0, -4.37114e-08, 0, -0.453365, 0)

[node name="InteractPointChangeTeam" parent="TEAM_1_HQ/InteractArea" unique_id=859686343 instance=ExtResource("4_ew1gq")]
transform = Transform3D(1, 0, 0, 0, 1, 0, 0, 0, 1, 3, 1.72138, 0)
ObjId = 2001

[node name="WorldIcon" type="Node3D" parent="TEAM_1_HQ/InteractArea/InteractPointChangeTeam" unique_id=594092168]
script = ExtResource("5_qt05s")
ObjId = 5001
iconTextVisible = true
iconColor = [0.0, 1.0, 0.0]
iconImagePicker = 6
iconImageVisible = true
iconTeamOwnerId = 1

[node name="InteractPointReady" parent="TEAM_1_HQ/InteractArea" unique_id=1561283054 instance=ExtResource("4_ew1gq")]
transform = Transform3D(1, 0, 0, 0, 1, 0, 0, 0, 1, -3, 1.63484, 0)
ObjId = 2002

[node name="WorldIcon" type="Node3D" parent="TEAM_1_HQ/InteractArea/InteractPointReady" unique_id=1718442030]
script = ExtResource("5_qt05s")
ObjId = 5002
iconTextVisible = true
iconColor = [0.0, 0.5, 1.0]
iconImagePicker = 7
iconImageVisible = true
iconTeamOwnerId = 1

[node name="InteractPointSpectate" parent="TEAM_1_HQ/InteractArea" unique_id=83077201 instance=ExtResource("4_ew1gq")]
transform = Transform3D(1, 0, 0, 0, 1, 0, 0, 0, 1, -4.52737, 1, -25.1401)
ObjId = 6001

[node name="WorldIcon" parent="TEAM_1_HQ/InteractArea" unique_id=910850978 instance=ExtResource("6_m1l1n")]
transform = Transform3D(1, 0, 0, 0, 1, 0, 0, 0, 1, 0, 2, 0)
ObjId = 5011
iconTextVisible = true
iconColor = [0.0, 0.0, 1.0]
iconImagePicker = 7
iconTeamOwnerId = 1

[node name="HQ_Team1" parent="TEAM_1_HQ" unique_id=82114768 instance=ExtResource("7_b32bk")]
transform = Transform3D(1, 0, 0, 0, 1, 0, 0, 0, 1, -3.626, 0, 40.266)
points = PackedVector2Array(28.0161, -125.863, -40.939, -125.772, -41.1057, 46.6461, 12.988, 46.7178, 13.0202, 79.1354, 28.0204, 79.1354)

[node name="BarrierStoneBlock_01_H" parent="TEAM_1_HQ" unique_id=329302034 instance=ExtResource("8_rwlnv")]
transform = Transform3D(1, 0, 0, 0, 1, 0, 0, 0, 1, 22.8452, 0.0751877, 0.720398)

[node name="TEAM_2_HQ" parent="." unique_id=998279695 node_paths=PackedStringArray("HQArea", "InfantrySpawns") instance=ExtResource("1_s4vcd")]
transform = Transform3D(1, 0, 0, 0, 1, 0, 0, 0, 1, 79.1793, 61.6228, -171.474)
Team = 2
AltTeam = 0
ObjId = 102
HQArea = NodePath("HQ_Team2")
InfantrySpawns = [NodePath("SpawnPoint_2_1"), NodePath("SpawnPoint_2_2"), NodePath("SpawnPoint_2_3"), null]

[node name="SpawnPoint_2_1" parent="TEAM_2_HQ" unique_id=2118146504 instance=ExtResource("2_aquu2")]
transform = Transform3D(-0.979974, 0, -0.199128, 0, 1, 0, 0.199128, 0, -0.979974, -16.815, 0.0879784, 2.02135)

[node name="SpawnPoint_2_2" parent="TEAM_2_HQ" unique_id=230855093 instance=ExtResource("2_aquu2")]
transform = Transform3D(-0.919046, 0, -0.39415, 0, 1, 0, 0.39415, 0, -0.919046, -6.48113, 0.00113678, -16.1478)

[node name="SpawnPoint_2_3" parent="TEAM_2_HQ" unique_id=2131894228 instance=ExtResource("2_aquu2")]
transform = Transform3D(0.839278, 0, -0.543702, 0, 1, 0, 0.543702, 0, 0.839278, 5.47637, 0.24239, -10.3317)

[node name="HQ_Team2" parent="TEAM_2_HQ" unique_id=1086419473 instance=ExtResource("7_b32bk")]
transform = Transform3D(1, 0, 0, 0, 1, 0, 0, 0, 1, 8.897, 0, -56.984)
points = PackedVector2Array(60.273, 70.002, 60.273, -89.995, 38.2389, -89.9946, 38.2443, -20.0118, -16.763, -20.012, -16.7612, 40.0062, -81.7478, 40.0028, -81.7571, 70.0023)

[node name="InteractArea" parent="TEAM_2_HQ" unique_id=781039180 instance=ExtResource("3_2wxng")]
transform = Transform3D(-4.37114e-08, 0, -1, 0, 1, 0, 1, 0, -4.37114e-08, 0, -0.454552, 0)

[node name="InteractPointChangeTeam" parent="TEAM_2_HQ/InteractArea" unique_id=28112068 instance=ExtResource("4_ew1gq")]
transform = Transform3D(1, 0, 0, 0, 1, 0, 0, 0, 1, 3, 1.96554, 0)
ObjId = 2003

[node name="WorldIcon" type="Node3D" parent="TEAM_2_HQ/InteractArea/InteractPointChangeTeam" unique_id=628940410]
script = ExtResource("5_qt05s")
ObjId = 5003
iconTextVisible = true
iconColor = [0.0, 1.0, 0.0]
iconImagePicker = 6
iconImageVisible = true
iconTeamOwnerId = 2

[node name="InteractPointReady" parent="TEAM_2_HQ/InteractArea" unique_id=1726692258 instance=ExtResource("4_ew1gq")]
transform = Transform3D(1, 0, 0, 0, 1, 0, 0, 0, 1, -3, 1.59252, 0)
ObjId = 2004

[node name="WorldIcon" type="Node3D" parent="TEAM_2_HQ/InteractArea/InteractPointReady" unique_id=622036651]
script = ExtResource("5_qt05s")
ObjId = 5004
iconTextVisible = true
iconColor = [0.0, 0.5, 1.0]
iconImagePicker = 7
iconImageVisible = true
iconTeamOwnerId = 2

[node name="WorldIcon" parent="TEAM_2_HQ/InteractArea" unique_id=1878453012 instance=ExtResource("6_m1l1n")]
transform = Transform3D(1, 0, 0, 0, 1, 0, 0, 0, 1, 0, 2, 0)
ObjId = 5012
iconTextVisible = true
iconColor = [0.0, 0.0, 1.0]
iconImagePicker = 7
iconTeamOwnerId = 2

[node name="CombatArea" parent="." unique_id=1384322289 node_paths=PackedStringArray("CombatVolume") instance=ExtResource("9_wdkj6")]
transform = Transform3D(1, 0, 0, 0, 1, 0, 0, 0, 1, -110.236, 50, -325.59)
CombatVolume = NodePath("CombatVolume")

[node name="CombatVolume" parent="CombatArea" unique_id=387144605 instance=ExtResource("7_b32bk")]
transform = Transform3D(1, 0, 0, 0, 1, 0, 0, 0, 1, 86.549, 0, 67.136)
points = PackedVector2Array(19.5, -123.666, -5, -180, -65, -180, -65, 25, -80, 25, -80, 55, -55, 55, -55, 100, 30, 100, 30, 70, 95, 70, 95, 10, 150, 10, 150, -60, 115, -60, 115, -80, 55, -80, 37.8329, -91.5078, 28.0654, -91.5078, 28.0654, -99.4721, 20.4016, -99.4721)

[node name="Camera3D" type="Camera3D" parent="." unique_id=1813009670]
transform = Transform3D(1, 0, 0, 0, 0.101056, 0.994881, 0, -0.994881, 0.101056, 8.53552, 390.265, -286.689)

[node name="DeployCam" parent="Camera3D" unique_id=2086955087 instance=ExtResource("10_8hkf4")]
transform = Transform3D(1, 0, 0, 0, -4.37114e-08, 1, 0, -1, -4.37114e-08, 0, 0, 0)

[node name="Static" type="Node3D" parent="." unique_id=101083125]

[node name="MP_Dumbo_Terrain" parent="Static" unique_id=222683426 instance=ExtResource("11_byr8t")]
metadata/_edit_lock_ = true

[node name="MP_Dumbo_Assets" parent="Static" unique_id=82128363 instance=ExtResource("12_m1rsi")]
metadata/_edit_lock_ = true

[node name="CapturePointA" parent="." unique_id=1926120349 node_paths=PackedStringArray("CaptureArea", "InfantrySpawnPoints_Team1", "InfantrySpawnPoints_Team2") instance=ExtResource("13_rdkej")]
transform = Transform3D(1, 0, 0, 0, 1, 0, 0, 0, 1, -42.83, 54.77, -344.951)
ObjId = 201
CaptureArea = NodePath("CaptureArea")
InfantrySpawnPoints_Team1 = [NodePath("Team1/SpawnPoint"), NodePath("Team1/SpawnPoint2"), NodePath("Team1/SpawnPoint3"), NodePath("Team1/SpawnPoint4"), NodePath("Team1/SpawnPoint5")]
InfantrySpawnPoints_Team2 = [NodePath("Team2/SpawnPoint"), NodePath("Team2/SpawnPoint2"), NodePath("Team2/SpawnPoint3"), NodePath("Team2/SpawnPoint4"), NodePath("Team2/SpawnPoint5")]

[node name="CaptureArea" parent="CapturePointA" unique_id=1258917687 instance=ExtResource("7_b32bk")]
transform = Transform3D(1, 0, 0, 0, 1, 0, 0, 0, 1, 0.000339508, -0.440453, 0.000274658)
points = PackedVector2Array(-13.3102, -1.7394, -6.49975, 10.7895, 13.2977, 1.89894, 6.51233, -10.9491)
height = 5.0

[node name="Team1" type="Node3D" parent="CapturePointA" unique_id=547557912]
transform = Transform3D(1, 0, 0, 0, 1, 0, 0, 0, 1, 2.2983, -9.91821e-05, -0.0250244)

[node name="SpawnPoint" parent="CapturePointA/Team1" unique_id=1187532953 instance=ExtResource("2_aquu2")]
transform = Transform3D(0.460107, 0, -0.887864, 0, 1, 0, 0.887864, 0, 0.460107, -29.9943, -0.157078, -9.89722)

[node name="SpawnPoint2" parent="CapturePointA/Team1" unique_id=1305208286 instance=ExtResource("2_aquu2")]
transform = Transform3D(0.351352, 0, -0.936244, 0, 1, 0, 0.936244, 0, 0.351352, -14.1603, 0.0263023, 29.2394)

[node name="SpawnPoint3" parent="CapturePointA/Team1" unique_id=1171916110 instance=ExtResource("2_aquu2")]
transform = Transform3D(0.988409, 0, 0.151813, 0, 1, 0, -0.151813, 0, 0.988409, -28.6039, -0.622032, -42.3305)

[node name="SpawnPoint4" parent="CapturePointA/Team1" unique_id=1958528462 instance=ExtResource("2_aquu2")]
transform = Transform3D(0.696063, 0, 0.717981, 0, 1, 0, -0.717981, 0, 0.696063, -41.369, -1.29757, -42.3606)

[node name="SpawnPoint5" parent="CapturePointA/Team1" unique_id=71213665 instance=ExtResource("2_aquu2")]
transform = Transform3D(-0.330498, 0, 0.943807, 0, 1, 0, -0.943807, 0, -0.330498, -37.4867, -0.0514107, 37.1094)

[node name="Team2" type="Node3D" parent="CapturePointA" unique_id=1822293299]
transform = Transform3D(1, 0, 0, 0, 1, 0, 0, 0, 1, 2.2983, -9.91821e-05, -0.0250244)

[node name="SpawnPoint" parent="CapturePointA/Team2" unique_id=50960114 instance=ExtResource("2_aquu2")]
transform = Transform3D(-0.57442, 0, -0.818561, 0, 1, 0, 0.818561, 0, -0.57442, 50.771, 0, 18.9809)

[node name="SpawnPoint2" parent="CapturePointA/Team2" unique_id=412807172 instance=ExtResource("2_aquu2")]
transform = Transform3D(0.921477, 0, 0.388432, 0, 1, 0, -0.388432, 0, 0.921477, 16.7479, -0.958904, -54.6787)

[node name="SpawnPoint3" parent="CapturePointA/Team2" unique_id=885049093 instance=ExtResource("2_aquu2")]
transform = Transform3D(1, 0, 0, 0, 1, 0, 0, 0, 1, 12.0688, -0.824165, -58.8868)

[node name="SpawnPoint4" parent="CapturePointA/Team2" unique_id=1377774457 instance=ExtResource("2_aquu2")]
transform = Transform3D(0.996658, 0, 0.0816774, 0, 1, 0, -0.0816774, 0, 0.996658, 26.1359, 0.377151, 30.3101)

[node name="SpawnPoint5" parent="CapturePointA/Team2" unique_id=1297159175 instance=ExtResource("2_aquu2")]
transform = Transform3D(0.991739, 0, -0.128277, 0, 1, 0, 0.128277, 0, 0.991739, -2.09341, -0.680386, -56.8914)

[node name="CapturePointB" parent="." unique_id=1746537446 node_paths=PackedStringArray("CaptureArea", "InfantrySpawnPoints_Team1", "InfantrySpawnPoints_Team2") instance=ExtResource("13_rdkej")]
transform = Transform3D(1, 0, 0, 0, 1, 0, 0, 0, 1, -39.5652, 56.1092, -243.959)
ObjId = 202
CaptureArea = NodePath("CaptureArea")
InfantrySpawnPoints_Team1 = [NodePath("Team1/SpawnPoint"), NodePath("Team1/SpawnPoint2"), NodePath("Team1/SpawnPoint3"), NodePath("Team1/SpawnPoint4"), NodePath("Team1/SpawnPoint5")]
InfantrySpawnPoints_Team2 = [NodePath("Team2/SpawnPoint"), NodePath("Team2/SpawnPoint2"), NodePath("Team2/SpawnPoint3"), NodePath("Team2/SpawnPoint4"), NodePath("Team2/SpawnPoint5")]

[node name="CaptureArea" parent="CapturePointB" unique_id=1624316374 instance=ExtResource("7_b32bk")]
transform = Transform3D(1, 0, 0, 0, 1, 0, 0, 0, 1, 0.00712585, 0, 0.0842743)
points = PackedVector2Array(-12, -9, -12, 9, 12, 9, 12, -9)
height = 6.0

[node name="Team1" type="Node3D" parent="CapturePointB" unique_id=1883629574]

[node name="SpawnPoint" parent="CapturePointB/Team1" unique_id=650588546 instance=ExtResource("2_aquu2")]
transform = Transform3D(-0.887936, 0, 0.459967, 0, 1, 0, -0.459967, 0, -0.887936, -56.2321, 1.49607, 18.8553)

[node name="SpawnPoint2" parent="CapturePointB/Team1" unique_id=1523146722 instance=ExtResource("2_aquu2")]
transform = Transform3D(-0.982878, 0, 0.18426, 0, 1, 0, -0.18426, 0, -0.982878, -46.9276, -1.13757, -2.55501)

[node name="SpawnPoint3" parent="CapturePointB/Team1" unique_id=442114101 instance=ExtResource("2_aquu2")]
transform = Transform3D(0.405301, 0, 0.914183, 0, 1, 0, -0.914183, 0, 0.405301, -48.6148, -1.3008, -39.0982)

[node name="SpawnPoint4" parent="CapturePointB/Team1" unique_id=1066732723 instance=ExtResource("2_aquu2")]
transform = Transform3D(-0.861, 0, 0.508606, 0, 1, 0, -0.508606, 0, -0.861, -29.4368, 2.8295, 47.347)

[node name="SpawnPoint5" parent="CapturePointB/Team1" unique_id=882352872 instance=ExtResource("2_aquu2")]
transform = Transform3D(-0.511383, 0, 0.859353, 0, 1, 0, -0.859353, 0, -0.511383, -43.4157, -0.380981, -49.9261)

[node name="Team2" type="Node3D" parent="CapturePointB" unique_id=1716703714]

[node name="SpawnPoint" parent="CapturePointB/Team2" unique_id=1301205687 instance=ExtResource("2_aquu2")]
transform = Transform3D(0.205213, 0, -0.978717, 0, 1, 0, 0.978717, 0, 0.205213, 48.0625, 1.37392, 13.7503)

[node name="SpawnPoint2" parent="CapturePointB/Team2" unique_id=1370434765 instance=ExtResource("2_aquu2")]
transform = Transform3D(-0.762736, 0, 0.646709, 0, 1, 0, -0.646709, 0, -0.762736, 21.1708, 3.93407, 50.6381)

[node name="SpawnPoint3" parent="CapturePointB/Team2" unique_id=41964294 instance=ExtResource("2_aquu2")]
transform = Transform3D(-0.0403228, 0, -0.999187, 0, 1, 0, 0.999187, 0, -0.0403228, -5.86945, 4.14925, 48.827)

[node name="SpawnPoint4" parent="CapturePointB/Team2" unique_id=1774545320 instance=ExtResource("2_aquu2")]
transform = Transform3D(-0.821359, 0, 0.570413, 0, 1, 0, -0.570413, 0, -0.821359, -31.2007, 3.52438, 56.5002)

[node name="SpawnPoint5" parent="CapturePointB/Team2" unique_id=275827973 instance=ExtResource("2_aquu2")]
transform = Transform3D(-0.144944, 0, 0.98944, 0, 1, 0, -0.98944, 0, -0.144944, 29.8749, 1.376, 20.0359)

[node name="CapturePointC" parent="." unique_id=1832697151 node_paths=PackedStringArray("CaptureArea", "InfantrySpawnPoints_Team1", "InfantrySpawnPoints_Team2") instance=ExtResource("13_rdkej")]
transform = Transform3D(1, 0, 0, 0, 1, 0, 0, 0, 1, 43.1028, 56.8939, -258.971)
ObjId = 203
CaptureArea = NodePath("CaptureArea")
InfantrySpawnPoints_Team1 = [NodePath("Team1/SpawnPoint"), NodePath("Team1/SpawnPoint2"), NodePath("Team1/SpawnPoint3"), NodePath("Team1/SpawnPoint4"), NodePath("Team1/SpawnPoint5")]
InfantrySpawnPoints_Team2 = [NodePath("Team2/SpawnPoint"), NodePath("Team2/SpawnPoint2"), NodePath("Team2/SpawnPoint3"), NodePath("Team2/SpawnPoint4"), NodePath("Team2/SpawnPoint5")]

[node name="CaptureArea" parent="CapturePointC" unique_id=600466672 instance=ExtResource("7_b32bk")]
transform = Transform3D(1, 0, 0, 0, 1, 0, 0, 0, 1, 3.34074, 0, 2.19052)
points = PackedVector2Array(-10, -10.75, -10, 7.25, 4.5, 7.25, 4.5, 3.75, 1, 3.75, 1, -0.25, 4.5, -0.25, 4.5, -10.75)
height = 3.0

[node name="Team1" type="Node3D" parent="CapturePointC" unique_id=1772989370]

[node name="SpawnPoint" parent="CapturePointC/Team1" unique_id=445870529 instance=ExtResource("2_aquu2")]
transform = Transform3D(0.664826, 0, -0.746998, 0, 1, 0, 0.746998, 0, 0.664826, -7.15332, -0.723446, -50.4644)

[node name="SpawnPoint2" parent="CapturePointC/Team1" unique_id=929455222 instance=ExtResource("2_aquu2")]
transform = Transform3D(0.267608, 0, -0.963528, 0, 1, 0, 0.963528, 0, 0.267608, -39.5346, 0.57803, 27.1764)

[node name="SpawnPoint3" parent="CapturePointC/Team1" unique_id=1319231109 instance=ExtResource("2_aquu2")]
transform = Transform3D(-0.341397, 0, -0.939919, 0, 1, 0, 0.939919, 0, -0.341397, -9.95195, -1.24, -54.037)

[node name="SpawnPoint4" parent="CapturePointC/Team1" unique_id=1227626889 instance=ExtResource("2_aquu2")]
transform = Transform3D(0.644804, 0, -0.764348, 0, 1, 0, 0.764348, 0, 0.644804, -14.0632, -1.63771, -52.41)

[node name="SpawnPoint5" parent="CapturePointC/Team1" unique_id=956442788 instance=ExtResource("2_aquu2")]
transform = Transform3D(-0.880395, 0, -0.474242, 0, 1, 0, 0.474242, 0, -0.880395, -36.2713, 0.613609, 44.2321)

[node name="Team2" type="Node3D" parent="CapturePointC" unique_id=1353597747]

[node name="SpawnPoint" parent="CapturePointC/Team2" unique_id=1890119524 instance=ExtResource("2_aquu2")]
transform = Transform3D(-0.855545, 0, 0.517729, 0, 1, 0, -0.517729, 0, -0.855545, 13.4963, 2.62253, 30.1378)

[node name="SpawnPoint2" parent="CapturePointC/Team2" unique_id=729860636 instance=ExtResource("2_aquu2")]
transform = Transform3D(-0.746092, 0, -0.665842, 0, 1, 0, 0.665842, 0, -0.746092, 2.23136, 2.32575, 42.0817)

[node name="SpawnPoint3" parent="CapturePointC/Team2" unique_id=136460114 instance=ExtResource("2_aquu2")]
transform = Transform3D(-0.22762, 0, -0.97375, 0, 1, 0, 0.97375, 0, -0.22762, 39.0862, 3.22733, -7.48932)

[node name="SpawnPoint4" parent="CapturePointC/Team2" unique_id=842612677 instance=ExtResource("2_aquu2")]
transform = Transform3D(-0.538888, 0, -0.842377, 0, 1, 0, 0.842377, 0, -0.538888, 13.0281, 2.65166, 35.1878)

[node name="SpawnPoint5" parent="CapturePointC/Team2" unique_id=1693723728 instance=ExtResource("2_aquu2")]
transform = Transform3D(0.949732, 0, 0.313064, 0, 1, 0, -0.313064, 0, 0.949732, 21.4731, -0.601074, -48.6234)

[node name="Sector" parent="." unique_id=704109745 node_paths=PackedStringArray("SectorArea", "CapturePoints") instance=ExtResource("14_yapq1")]
SectorArea = NodePath("../CombatArea/CombatVolume")
CapturePoints = [NodePath("../CapturePointA"), NodePath("../CapturePointB"), NodePath("../CapturePointC")]

[node name="AreaTrigger" parent="." unique_id=1339844979 node_paths=PackedStringArray("Area") instance=ExtResource("15_fsxuu")]
ObjId = 7001
Area = NodePath("../TEAM_1_HQ/HQ_Team1")

[node name="AreaTrigger2" parent="." unique_id=1098091099 node_paths=PackedStringArray("Area") instance=ExtResource("15_fsxuu")]
ObjId = 7002
Area = NodePath("../TEAM_2_HQ/HQ_Team2")

[node name="RestrictedAreas" type="Node3D" parent="." unique_id=840643512]
transform = Transform3D(1, 0, 0, 0, 1, 0, 0, 0, 1, 55.6197, 63.4852, -219.096)

[node name="AreaTrigger3" parent="RestrictedAreas" unique_id=490812585 node_paths=PackedStringArray("Area") instance=ExtResource("15_fsxuu")]
transform = Transform3D(1, 0, 0, 0, 1, 0, 0, 0, 1, 197.022, -67.926, 45.87)
ObjId = 20004
Area = NodePath("../PolygonVolume3")

[node name="PolygonVolume3" parent="RestrictedAreas" unique_id=496639123 instance=ExtResource("7_b32bk")]
transform = Transform3D(1, 0, 0, 0, 1, 0, 0, 0, 1, -54.2257, -4.90263, -133.649)
points = PackedVector2Array(0.194499, -3.41782, 0.13815, 3.65402, 2.25125, 3.68222, 2.22307, -3.38965)
height = 3.0

[node name="AddedAssets" type="Node3D" parent="." unique_id=1551057871]
transform = Transform3D(-4.37114e-08, 0, 1, 0, 1, 0, -1, 0, -4.37114e-08, 39.2625, 60.6787, -267.622)

[node name="BarrierStoneBlock_01_H84" parent="AddedAssets" unique_id=1995984990 instance=ExtResource("8_rwlnv")]

[node name="BarrierStoneBlock_01_H87" parent="AddedAssets" unique_id=657050449 instance=ExtResource("8_rwlnv")]
transform = Transform3D(1, 0, 0, 0, 1, 0, 0, 0, 1, -0.0460205, 0, 5.2155)

[node name="BarrierStoneBlock_01_H92" parent="AddedAssets" unique_id=21278734 instance=ExtResource("8_rwlnv")]
transform = Transform3D(1, 0, 0, 0, 1, 0, 0, 0, 1, -0.0980225, 0, 9.9734)

[node name="BarrierStoneBlock_01_H85" parent="AddedAssets" unique_id=145413367 instance=ExtResource("8_rwlnv")]
transform = Transform3D(-4.37114e-08, -1, 0, 1, -4.37114e-08, 0, 3.59989e-21, 0, 1, 0.130005, 0.694901, 1.2126)

[node name="BarrierStoneBlock_01_H88" parent="AddedAssets" unique_id=1219977036 instance=ExtResource("8_rwlnv")]
transform = Transform3D(0.0376137, -0.999291, -0.00176921, 0.998187, 0.0376553, -0.0469511, 0.0469844, -2.07101e-09, 0.998896, -3.586, 0.656799, 1.2126)

[node name="BarrierStoneBlock_01_H90" parent="AddedAssets" unique_id=1926066985 instance=ExtResource("8_rwlnv")]
transform = Transform3D(-4.47306e-08, -1, 1.18874e-11, 0.999728, -4.47187e-08, -0.0233155, 0.0233155, -1.031e-09, 0.999728, -5.87701, 0.597401, 1.2126)

[node name="BarrierStoneBlock_01_H89" parent="AddedAssets" unique_id=547384342 instance=ExtResource("8_rwlnv")]
transform = Transform3D(-4.37114e-08, -1, 0, 1, -4.37114e-08, 0, 3.59989e-21, 0, 1, -6.02301, 0.859001, 6.3196)

[node name="BarrierStoneBlock_01_H91" parent="AddedAssets" unique_id=258572120 instance=ExtResource("8_rwlnv")]
transform = Transform3D(-4.37114e-08, -1, 0, 1, -4.37114e-08, 0, 3.59989e-21, 0, 1, -2.802, 0.859001, 6.3196)

[node name="BarrierStoneBlock_01_H86" parent="AddedAssets" unique_id=46538957 instance=ExtResource("8_rwlnv")]
transform = Transform3D(-4.37114e-08, -1, 0, 1, -4.37114e-08, 0, 3.59989e-21, 0, 1, -0.52002, 1.0776, 5.3466)

[node name="BarrierStoneBlock_01_H83" parent="AddedAssets" unique_id=957895917 instance=ExtResource("8_rwlnv")]
transform = Transform3D(0.00881394, 0, -0.999962, 0, 1, 0, 0.999962, 0, 0.00881394, -7.55701, 0.233501, -1.9199)

[node name="BarrierStoneBlock_01_H66" parent="AddedAssets" unique_id=754409340 instance=ExtResource("8_rwlnv")]
transform = Transform3D(0.00881394, 0, -0.999962, 0, 1, 0, 0.999962, 0, 0.00881394, 64.011, -4.8615, -7.6764)

[node name="BarrierStoneBlock_01_H37" parent="AddedAssets" unique_id=1119313756 instance=ExtResource("8_rwlnv")]
transform = Transform3D(0.840359, 0, -0.542031, 0, 1, 0, 0.542031, 0, 0.840359, 72.185, -1.7157, -8.8984)

[node name="BarrierStoneBlock_01_H73" parent="AddedAssets" unique_id=2082369703 instance=ExtResource("8_rwlnv")]
transform = Transform3D(0.00881394, 0, -0.999962, 0, 1, 0, 0.999962, 0, 0.00881394, 68.851, 2.3943, -7.8159)

[node name="BarrierStoneBlock_01_H74" parent="AddedAssets" unique_id=209686018 instance=ExtResource("8_rwlnv")]
transform = Transform3D(0.00881394, 0, -0.999962, 0, 1, 0, 0.999962, 0, 0.00881394, 64.917, 2.3943, -7.8159)

[node name="BarrierStoneBlock_01_H75" parent="AddedAssets" unique_id=1688829849 instance=ExtResource("8_rwlnv")]
transform = Transform3D(0.840359, 0, -0.542031, 0, 1, 0, 0.542031, 0, 0.840359, 72.185, 1.8866, -8.8984)

[node name="BarrierStoneBlock_01_H79" parent="AddedAssets" unique_id=588263367 instance=ExtResource("8_rwlnv")]
transform = Transform3D(0.840359, 0, -0.542031, 0, 1, 0, 0.542031, 0, 0.840359, 72.185, 1.8866, -8.8984)

[node name="BarrierStoneBlock_01_H76" parent="AddedAssets" unique_id=1311166039 instance=ExtResource("8_rwlnv")]
transform = Transform3D(0.00881394, 0, -0.999962, 0, 1, 0, 0.999962, 0, 0.00881394, 68.851, 5.9559, -7.8159)

[node name="BarrierStoneBlock_01_H77" parent="AddedAssets" unique_id=1661429714 instance=ExtResource("8_rwlnv")]
transform = Transform3D(0.00881394, 0, -0.999962, 0, 1, 0, 0.999962, 0, 0.00881394, 64.917, 5.9559, -7.8159)

[node name="BarrierStoneBlock_01_H78" parent="AddedAssets" unique_id=1176132438 instance=ExtResource("8_rwlnv")]
transform = Transform3D(0.840359, 0, -0.542031, 0, 1, 0, 0.542031, 0, 0.840359, 72.185, 5.4482, -8.8984)

[node name="BarrierStoneBlock_01_H63" parent="AddedAssets" unique_id=241313165 instance=ExtResource("8_rwlnv")]
transform = Transform3D(0.840359, 0, -0.542031, 0, 1, 0, 0.542031, 0, 0.840359, 75.012, -2.0401, -13.237)

[node name="BarrierStoneBlock_01_H80" parent="AddedAssets" unique_id=8023352 instance=ExtResource("8_rwlnv")]
transform = Transform3D(0.840359, 0, -0.542031, 0, 1, 0, 0.542031, 0, 0.840359, 75.012, 1.5536, -13.237)

[node name="BarrierStoneBlock_01_H81" parent="AddedAssets" unique_id=1173194137 instance=ExtResource("8_rwlnv")]
transform = Transform3D(0.840359, 0, -0.542031, 0, 1, 0, 0.542031, 0, 0.840359, 75.012, 5.1473, -13.237)

[node name="BarrierStoneBlock_01_H64" parent="AddedAssets" unique_id=362812221 instance=ExtResource("8_rwlnv")]
transform = Transform3D(0.840359, 0, -0.542031, 0, 1, 0, 0.542031, 0, 0.840359, 77.509, -2.6025, -17.6732)

[node name="BarrierStoneBlock_01_H59" parent="AddedAssets" unique_id=1816526900 instance=ExtResource("8_rwlnv")]
transform = Transform3D(0.999991, 0, -0.00424121, 0, 1, 0, 0.00424121, 0, 0.999991, 71.389, -5.7121, 33.8685)

[node name="BarrierStoneBlock_01_H60" parent="AddedAssets" unique_id=1232565795 instance=ExtResource("8_rwlnv")]
transform = Transform3D(0.999991, 0, -0.00424121, 0, 1, 0, 0.00424121, 0, 0.999991, 71.389, -5.7121, 39.0705)

[node name="BarrierStoneBlock_01_H61" parent="AddedAssets" unique_id=4156633 instance=ExtResource("8_rwlnv")]
transform = Transform3D(0.999991, 0, -0.00424121, 0, 1, 0, 0.00424121, 0, 0.999991, 71.389, -5.7121, 44.2485)

[node name="BarrierStoneBlock_01_H62" parent="AddedAssets" unique_id=1378363043 instance=ExtResource("8_rwlnv")]
transform = Transform3D(0.999991, 0, -0.00424121, 0, 1, 0, 0.00424121, 0, 0.999991, 71.389, -5.7121, 49.3865)

[node name="BarrierBlockConcrete_02_128_181" parent="AddedAssets" unique_id=888913589 instance=ExtResource("16_oqkdf")]
transform = Transform3D(-4.37114e-08, 0, -1, 0, 1, 0, 1, 0, -4.37114e-08, -34.499, 2.9243, -78.9656)

[node name="BarrierBlockConcrete_02_128_182" parent="AddedAssets" unique_id=641439570 instance=ExtResource("16_oqkdf")]
transform = Transform3D(-4.37114e-08, 0, -1, 0, 1, 0, 1, 0, -4.37114e-08, -34.499, 2.9243, -77.7143)

[node name="BarrierBlockConcrete_02_128_183" parent="AddedAssets" unique_id=27973736 instance=ExtResource("16_oqkdf")]
transform = Transform3D(-4.37114e-08, 0, -1, 0, 1, 0, 1, 0, -4.37114e-08, -34.499, 4.6301, -80.2348)

[node name="BarrierBlockConcrete_02_128_184" parent="AddedAssets" unique_id=744145804 instance=ExtResource("16_oqkdf")]
transform = Transform3D(-4.37114e-08, 0, -1, 0, 1, 0, 1, 0, -4.37114e-08, -34.499, 4.6301, -78.9656)

[node name="BarrierBlockConcrete_02_128_185" parent="AddedAssets" unique_id=129695785 instance=ExtResource("16_oqkdf")]
transform = Transform3D(-4.37114e-08, 0, -1, 0, 1, 0, 1, 0, -4.37114e-08, -34.499, 4.6301, -77.7143)

[node name="BarrierBlockConcrete_02_128_290" parent="AddedAssets" unique_id=348917433 instance=ExtResource("16_oqkdf")]
transform = Transform3D(-4.37114e-08, 0, -1, 0, 1, 0, 1, 0, -4.37114e-08, -34.499, 8.2181, -80.2348)

[node name="BarrierBlockConcrete_02_128_291" parent="AddedAssets" unique_id=462532538 instance=ExtResource("16_oqkdf")]
transform = Transform3D(-4.37114e-08, 0, -1, 0, 1, 0, 1, 0, -4.37114e-08, -34.499, 8.2181, -78.9656)

[node name="BarrierBlockConcrete_02_128_292" parent="AddedAssets" unique_id=124217634 instance=ExtResource("16_oqkdf")]
transform = Transform3D(-4.37114e-08, 0, -1, 0, 1, 0, 1, 0, -4.37114e-08, -34.499, 8.2181, -77.7143)

[node name="BarrierBlockConcrete_02_128_293" parent="AddedAssets" unique_id=2124429189 instance=ExtResource("16_oqkdf")]
transform = Transform3D(-4.37114e-08, 0, -1, 0, 1, 0, 1, 0, -4.37114e-08, -34.499, 9.924, -80.2348)

[node name="BarrierBlockConcrete_02_128_294" parent="AddedAssets" unique_id=1781501102 instance=ExtResource("16_oqkdf")]
transform = Transform3D(-4.37114e-08, 0, -1, 0, 1, 0, 1, 0, -4.37114e-08, -34.499, 9.924, -78.9656)

[node name="BarrierBlockConcrete_02_128_295" parent="AddedAssets" unique_id=1706983279 instance=ExtResource("16_oqkdf")]
transform = Transform3D(-4.37114e-08, 0, -1, 0, 1, 0, 1, 0, -4.37114e-08, -34.499, 9.924, -77.7143)

[node name="BarrierBlockConcrete_02_128_240" parent="AddedAssets" unique_id=225091606 instance=ExtResource("16_oqkdf")]
transform = Transform3D(0.999915, 0, -0.0130373, 0, 1, 0, 0.0130373, 0, 0.999915, -33.298, 8.0433, -65.591)

[node name="BarrierBlockConcrete_02_128_241" parent="AddedAssets" unique_id=2145787224 instance=ExtResource("16_oqkdf")]
transform = Transform3D(0.999915, 0, -0.0130373, 0, 1, 0, 0.0130373, 0, 0.999915, -32.029, 8.0433, -65.5744)

[node name="BarrierBlockConcrete_02_128_242" parent="AddedAssets" unique_id=129658027 instance=ExtResource("16_oqkdf")]
transform = Transform3D(0.999915, 0, -0.0130373, 0, 1, 0, 0.0130373, 0, 0.999915, -30.778, 8.0433, -65.5581)

[node name="BarrierBlockConcrete_02_128_243" parent="AddedAssets" unique_id=1235001452 instance=ExtResource("16_oqkdf")]
transform = Transform3D(0.999915, 0, -0.0130373, 0, 1, 0, 0.0130373, 0, 0.999915, -33.298, 9.7492, -65.591)

[node name="BarrierBlockConcrete_02_128_244" parent="AddedAssets" unique_id=722553112 instance=ExtResource("16_oqkdf")]
transform = Transform3D(0.999915, 0, -0.0130373, 0, 1, 0, 0.0130373, 0, 0.999915, -32.029, 9.7492, -65.5744)

[node name="BarrierBlockConcrete_02_128_245" parent="AddedAssets" unique_id=722670766 instance=ExtResource("16_oqkdf")]
transform = Transform3D(0.999915, 0, -0.0130373, 0, 1, 0, 0.0130373, 0, 0.999915, -30.778, 9.7492, -65.5581)

[node name="BarrierBlockConcrete_02_128_246" parent="AddedAssets" unique_id=989180188 instance=ExtResource("16_oqkdf")]
transform = Transform3D(0.999915, 0, -0.0130373, 0, 1, 0, 0.0130373, 0, 0.999915, -29.504, 8.0433, -65.591)

[node name="BarrierBlockConcrete_02_128_247" parent="AddedAssets" unique_id=962077188 instance=ExtResource("16_oqkdf")]
transform = Transform3D(0.999915, 0, -0.0130373, 0, 1, 0, 0.0130373, 0, 0.999915, -28.235, 8.0433, -65.5744)

[node name="BarrierBlockConcrete_02_128_248" parent="AddedAssets" unique_id=834549953 instance=ExtResource("16_oqkdf")]
transform = Transform3D(0.999915, 0, -0.0130373, 0, 1, 0, 0.0130373, 0, 0.999915, -26.983, 8.0433, -65.5581)

[node name="BarrierBlockConcrete_02_128_249" parent="AddedAssets" unique_id=610156365 instance=ExtResource("16_oqkdf")]
transform = Transform3D(0.999915, 0, -0.0130373, 0, 1, 0, 0.0130373, 0, 0.999915, -29.504, 9.7492, -65.591)

[node name="BarrierBlockConcrete_02_128_250" parent="AddedAssets" unique_id=1392843493 instance=ExtResource("16_oqkdf")]
transform = Transform3D(0.999915, 0, -0.0130373, 0, 1, 0, 0.0130373, 0, 0.999915, -28.235, 9.7492, -65.5744)

[node name="BarrierBlockConcrete_02_128_251" parent="AddedAssets" unique_id=2011512353 instance=ExtResource("16_oqkdf")]
transform = Transform3D(0.999915, 0, -0.0130373, 0, 1, 0, 0.0130373, 0, 0.999915, -26.983, 9.7492, -65.5581)

[node name="BarrierBlockConcrete_02_128_252" parent="AddedAssets" unique_id=458947238 instance=ExtResource("16_oqkdf")]
transform = Transform3D(0.999915, 0, -0.0130373, 0, 1, 0, 0.0130373, 0, 0.999915, -22.468, 8.0433, -65.591)

[node name="BarrierBlockConcrete_02_128_253" parent="AddedAssets" unique_id=1202940559 instance=ExtResource("16_oqkdf")]
transform = Transform3D(0.999915, 0, -0.0130373, 0, 1, 0, 0.0130373, 0, 0.999915, -21.199, 8.0433, -65.5744)

[node name="BarrierBlockConcrete_02_128_254" parent="AddedAssets" unique_id=834120351 instance=ExtResource("16_oqkdf")]
transform = Transform3D(0.999915, 0, -0.0130373, 0, 1, 0, 0.0130373, 0, 0.999915, -19.948, 8.0433, -65.5581)

[node name="BarrierBlockConcrete_02_128_255" parent="AddedAssets" unique_id=610436417 instance=ExtResource("16_oqkdf")]
transform = Transform3D(0.999915, 0, -0.0130373, 0, 1, 0, 0.0130373, 0, 0.999915, -22.468, 9.7492, -65.591)

[node name="BarrierBlockConcrete_02_128_256" parent="AddedAssets" unique_id=618926316 instance=ExtResource("16_oqkdf")]
transform = Transform3D(0.999915, 0, -0.0130373, 0, 1, 0, 0.0130373, 0, 0.999915, -21.199, 9.7492, -65.5744)

[node name="BarrierBlockConcrete_02_128_257" parent="AddedAssets" unique_id=918020565 instance=ExtResource("16_oqkdf")]
transform = Transform3D(0.999915, 0, -0.0130373, 0, 1, 0, 0.0130373, 0, 0.999915, -19.948, 9.7492, -65.5581)

[node name="BarrierBlockConcrete_02_128_258" parent="AddedAssets" unique_id=1721441782 instance=ExtResource("16_oqkdf")]
transform = Transform3D(0.999915, 0, -0.0130373, 0, 1, 0, 0.0130373, 0, 0.999915, -25.794, 8.0433, -65.591)

[node name="BarrierBlockConcrete_02_128_259" parent="AddedAssets" unique_id=650768405 instance=ExtResource("16_oqkdf")]
transform = Transform3D(0.999915, 0, -0.0130373, 0, 1, 0, 0.0130373, 0, 0.999915, -24.525, 8.0433, -65.5744)

[node name="BarrierBlockConcrete_02_128_260" parent="AddedAssets" unique_id=1868863122 instance=ExtResource("16_oqkdf")]
transform = Transform3D(0.999915, 0, -0.0130373, 0, 1, 0, 0.0130373, 0, 0.999915, -23.274, 8.0433, -65.5581)

[node name="BarrierBlockConcrete_02_128_261" parent="AddedAssets" unique_id=1221567125 instance=ExtResource("16_oqkdf")]
transform = Transform3D(0.999915, 0, -0.0130373, 0, 1, 0, 0.0130373, 0, 0.999915, -25.794, 9.7492, -65.591)

[node name="BarrierBlockConcrete_02_128_262" parent="AddedAssets" unique_id=274077549 instance=ExtResource("16_oqkdf")]
transform = Transform3D(0.999915, 0, -0.0130373, 0, 1, 0, 0.0130373, 0, 0.999915, -24.525, 9.7492, -65.5744)

[node name="BarrierBlockConcrete_02_128_263" parent="AddedAssets" unique_id=1607563865 instance=ExtResource("16_oqkdf")]
transform = Transform3D(0.999915, 0, -0.0130373, 0, 1, 0, 0.0130373, 0, 0.999915, -23.274, 9.7492, -65.5581)

[node name="BarrierBlockConcrete_02_128_186" parent="AddedAssets" unique_id=1942691100 instance=ExtResource("16_oqkdf")]
transform = Transform3D(-4.37114e-08, 0, -1, 0, 1, 0, 1, 0, -4.37114e-08, -14.154, 3.1027, -80.2319)

[node name="BarrierBlockConcrete_02_128_187" parent="AddedAssets" unique_id=504945050 instance=ExtResource("16_oqkdf")]
transform = Transform3D(-4.37114e-08, 0, -1, 0, 1, 0, 1, 0, -4.37114e-08, -14.154, 3.1027, -78.9627)

[node name="BarrierBlockConcrete_02_128_188" parent="AddedAssets" unique_id=1210628407 instance=ExtResource("16_oqkdf")]
transform = Transform3D(-4.37114e-08, 0, -1, 0, 1, 0, 1, 0, -4.37114e-08, -14.154, 3.1027, -77.7143)

[node name="BarrierBlockConcrete_02_128_189" parent="AddedAssets" unique_id=174097200 instance=ExtResource("16_oqkdf")]
transform = Transform3D(-4.37114e-08, 0, -1, 0, 1, 0, 1, 0, -4.37114e-08, -14.154, 4.8086, -80.2319)

[node name="BarrierBlockConcrete_02_128_190" parent="AddedAssets" unique_id=1886127382 instance=ExtResource("16_oqkdf")]
transform = Transform3D(-4.37114e-08, 0, -1, 0, 1, 0, 1, 0, -4.37114e-08, -14.154, 4.8086, -78.9627)

[node name="BarrierBlockConcrete_02_128_191" parent="AddedAssets" unique_id=634732072 instance=ExtResource("16_oqkdf")]
transform = Transform3D(-4.37114e-08, 0, -1, 0, 1, 0, 1, 0, -4.37114e-08, -14.154, 4.8086, -77.7114)

[node name="BarrierBlockConcrete_02_128_264" parent="AddedAssets" unique_id=169980206 instance=ExtResource("16_oqkdf")]
transform = Transform3D(-4.37114e-08, 0, -1, 0, 1, 0, 1, 0, -4.37114e-08, -14.154, 8.0374, -80.2319)

[node name="BarrierBlockConcrete_02_128_265" parent="AddedAssets" unique_id=2005403372 instance=ExtResource("16_oqkdf")]
transform = Transform3D(-4.37114e-08, 0, -1, 0, 1, 0, 1, 0, -4.37114e-08, -14.154, 8.0374, -78.9627)

[node name="BarrierBlockConcrete_02_128_266" parent="AddedAssets" unique_id=1813438418 instance=ExtResource("16_oqkdf")]
transform = Transform3D(-4.37114e-08, 0, -1, 0, 1, 0, 1, 0, -4.37114e-08, -14.154, 8.0374, -77.7143)

[node name="BarrierBlockConcrete_02_128_267" parent="AddedAssets" unique_id=1358182204 instance=ExtResource("16_oqkdf")]
transform = Transform3D(-4.37114e-08, 0, -1, 0, 1, 0, 1, 0, -4.37114e-08, -14.154, 9.7433, -80.2319)

[node name="BarrierBlockConcrete_02_128_268" parent="AddedAssets" unique_id=376832425 instance=ExtResource("16_oqkdf")]
transform = Transform3D(-4.37114e-08, 0, -1, 0, 1, 0, 1, 0, -4.37114e-08, -14.154, 9.7433, -78.9627)

[node name="BarrierBlockConcrete_02_128_269" parent="AddedAssets" unique_id=1903052432 instance=ExtResource("16_oqkdf")]
transform = Transform3D(-4.37114e-08, 0, -1, 0, 1, 0, 1, 0, -4.37114e-08, -14.154, 9.7433, -77.7114)

[node name="BarrierBlockConcrete_02_128_270" parent="AddedAssets" unique_id=1340279277 instance=ExtResource("16_oqkdf")]
transform = Transform3D(-4.37114e-08, 0, -1, 0, 1, 0, 1, 0, -4.37114e-08, -14.154, 8.0374, -75.0491)

[node name="BarrierBlockConcrete_02_128_271" parent="AddedAssets" unique_id=1560726965 instance=ExtResource("16_oqkdf")]
transform = Transform3D(-4.37114e-08, 0, -1, 0, 1, 0, 1, 0, -4.37114e-08, -14.154, 8.0374, -73.7799)

[node name="BarrierBlockConcrete_02_128_272" parent="AddedAssets" unique_id=1048503729 instance=ExtResource("16_oqkdf")]
transform = Transform3D(-4.37114e-08, 0, -1, 0, 1, 0, 1, 0, -4.37114e-08, -14.154, 8.0374, -72.5315)

[node name="BarrierBlockConcrete_02_128_273" parent="AddedAssets" unique_id=1946624641 instance=ExtResource("16_oqkdf")]
transform = Transform3D(-4.37114e-08, 0, -1, 0, 1, 0, 1, 0, -4.37114e-08, -14.154, 9.7433, -75.0491)

[node name="BarrierBlockConcrete_02_128_274" parent="AddedAssets" unique_id=1330982444 instance=ExtResource("16_oqkdf")]
transform = Transform3D(-4.37114e-08, 0, -1, 0, 1, 0, 1, 0, -4.37114e-08, -14.154, 9.7433, -73.7799)

[node name="BarrierBlockConcrete_02_128_275" parent="AddedAssets" unique_id=1917516130 instance=ExtResource("16_oqkdf")]
transform = Transform3D(-4.37114e-08, 0, -1, 0, 1, 0, 1, 0, -4.37114e-08, -14.154, 9.7433, -72.5286)

[node name="BarrierBlockConcrete_02_128_276" parent="AddedAssets" unique_id=365344371 instance=ExtResource("16_oqkdf")]
transform = Transform3D(-4.37114e-08, 0, -1, 0, 1, 0, 1, 0, -4.37114e-08, -14.154, 8.0374, -85.3794)

[node name="BarrierBlockConcrete_02_128_277" parent="AddedAssets" unique_id=1991474492 instance=ExtResource("16_oqkdf")]
transform = Transform3D(-4.37114e-08, 0, -1, 0, 1, 0, 1, 0, -4.37114e-08, -14.154, 8.0374, -84.1102)

[node name="BarrierBlockConcrete_02_128_278" parent="AddedAssets" unique_id=467494863 instance=ExtResource("16_oqkdf")]
transform = Transform3D(-4.37114e-08, 0, -1, 0, 1, 0, 1, 0, -4.37114e-08, -14.154, 8.0374, -82.8618)

