[gd_scene load_steps=23 format=3 uid="uid://dhqkr876hoei1"]

[ext_resource type="PackedScene" path="res://objects/Gameplay/Common/HQ_PlayerSpawner.tscn" id="1_6regb"]
[ext_resource type="PackedScene" uid="uid://jv31so3xcr7p" path="res://addons/bf_portal/portal_tools/types/PolygonVolume/PolygonVolume.tscn" id="2_h1nif"]
[ext_resource type="PackedScene" path="res://objects/entities/SpawnPoint.tscn" id="3_qrtsr"]
[ext_resource type="PackedScene" path="res://objects/props/FlagPole_01_USA.tscn" id="4_81tfa"]
[ext_resource type="PackedScene" path="res://objects/Gameplay/Common/CombatArea.tscn" id="4_f7iu5"]
[ext_resource type="PackedScene" path="res://objects/Gameplay/Common/DeployCam.tscn" id="5_5ep31"]
[ext_resource type="PackedScene" path="res://objects/Gameplay/Common/InteractPoint.tscn" id="5_ese5t"]
[ext_resource type="Script" uid="uid://3hvpbglts2bi" path="res://scripts/gameplay/common/WorldIcon.gd" id="6_1itvp"]
[ext_resource type="PackedScene" path="res://static/MP_Granite_MilitaryStorage_Portal_Terrain.tscn" id="6_77pa2"]
[ext_resource type="PackedScene" path="res://objects/Gameplay/Common/WorldIcon.tscn" id="7_rrch2"]
[ext_resource type="PackedScene" path="res://static/MP_Granite_MilitaryStorage_Portal_Assets.tscn" id="7_s6r3t"]
[ext_resource type="PackedScene" path="res://objects/Gameplay/Common/Sector.tscn" id="8_qrtsr"]
[ext_resource type="PackedScene" path="res://objects/entities/CapturePoint.tscn" id="9_f7iu5"]
[ext_resource type="PackedScene" path="res://objects/architecture/GuardTower_House_01.tscn" id="10_77pa2"]
[ext_resource type="PackedScene" path="res://objects/props/SandBags_01_256x180.tscn" id="11_s6r3t"]
[ext_resource type="PackedScene" path="res://objects/gameplay/common/AreaTrigger.tscn" id="12_i6y8r"]
[ext_resource type="PackedScene" path="res://objects/props/BarrierStoneBlock_01_F.tscn" id="17_ese5t"]
[ext_resource type="PackedScene" path="res://objects/architecture/FiringRange_Wall_1024_01.tscn" id="18_1itvp"]
[ext_resource type="PackedScene" path="res://objects/props/ContainerStandardOpen_01_640_A.tscn" id="19_rrch2"]
[ext_resource type="PackedScene" path="res://objects/props/BarrierStoneBlock_01_A.tscn" id="20_wqa8p"]
[ext_resource type="PackedScene" path="res://objects/props/Container_02_Closed.tscn" id="21_3en60"]
[ext_resource type="PackedScene" path="res://objects/gameplay/common/FixedCamera.tscn" id="22_gu0rc"]

[node name="MP_Granite_MilitaryStorage_Portal" type="Node3D"]

[node name="TEAM_1_HQ" parent="." node_paths=PackedStringArray("HQArea", "InfantrySpawns") instance=ExtResource("1_6regb")]
transform = Transform3D(0.999972, 0, 0.00745249, 0, 1, 0, -0.00745249, 0, 0.999972, 482.488, 148.694, 313.686)
AltTeam = 0
ObjId = 101
HQArea = NodePath("HQ_Team1")
InfantrySpawns = [NodePath("SpawnPoint_1_1"), NodePath("SpawnPoint_1_2"), NodePath("SpawnPoint_1_3"), null]

[node name="HQ_Team1" parent="TEAM_1_HQ" instance=ExtResource("2_h1nif")]
transform = Transform3D(1, 0, -4.65661e-10, 0, 1, 0, 4.65661e-10, 0, 1, 6.194, 20, -11.712)
points = PackedVector2Array(61.8913, -31.5155, -11.0181, -14.9499, -67.1184, -20.4504, -52.1513, 33.1779, 68.4506, 33.7745)

[node name="SpawnPoint_1_1" parent="TEAM_1_HQ" instance=ExtResource("3_qrtsr")]
transform = Transform3D(-0.253151, 0, -0.967427, 0, 1, 0, 0.967427, 0, -0.253151, -19.0816, -3.91891, 2.34842)

[node name="SpawnPoint_1_2" parent="TEAM_1_HQ" instance=ExtResource("3_qrtsr")]
transform = Transform3D(-0.805039, 0, 0.593223, 0, 1, 0, -0.593223, 0, -0.805039, 2.66617, -3.94203, 6.26196)

[node name="SpawnPoint_1_3" parent="TEAM_1_HQ" instance=ExtResource("3_qrtsr")]
transform = Transform3D(-0.908946, 0, 0.416915, 0, 1, 0, -0.416915, 0, -0.908946, -21.9012, -3.8951, 5.68732)

[node name="InteractArea" parent="TEAM_1_HQ" instance=ExtResource("4_81tfa")]
transform = Transform3D(-1, 0, -8.70787e-08, 0, 1, 0, 8.70787e-08, 0, -1, -0.0332031, -4.39253, 3.53363)

[node name="InteractPointChangeTeam" parent="TEAM_1_HQ/InteractArea" instance=ExtResource("5_ese5t")]
transform = Transform3D(1, 0, 0, 0, 1, 0, 0, 0, 1, 3, 1, 0)
ObjId = 2001

[node name="WorldIcon" type="Node3D" parent="TEAM_1_HQ/InteractArea/InteractPointChangeTeam"]
script = ExtResource("6_1itvp")
ObjId = 5001
iconTextVisible = true
iconColor = [0.0, 1.0, 0.0]
iconImagePicker = 6
iconImageVisible = true
iconTeamOwnerId = 1

[node name="InteractPointReady" parent="TEAM_1_HQ/InteractArea" instance=ExtResource("5_ese5t")]
transform = Transform3D(-4.37114e-08, 0, 1, 0, 1, 0, -1, 0, -4.37114e-08, -3, 1, 0)
ObjId = 2002

[node name="WorldIcon" type="Node3D" parent="TEAM_1_HQ/InteractArea/InteractPointReady"]
script = ExtResource("6_1itvp")
ObjId = 5002
iconTextVisible = true
iconColor = [0.0, 0.5, 1.0]
iconImagePicker = 7
iconImageVisible = true
iconTeamOwnerId = 1

[node name="InteractPointSpectate" parent="TEAM_1_HQ/InteractArea" instance=ExtResource("5_ese5t")]
transform = Transform3D(0.971147, 0, 0.238483, 0, 1, 0, -0.238483, 0, 0.971147, -25.6777, 1.94797, 3.59914)
ObjId = 6001

[node name="WorldIcon" parent="TEAM_1_HQ/InteractArea" instance=ExtResource("7_rrch2")]
transform = Transform3D(1, 0, 0, 0, 1, 0, 0, 0, 1, 0, 2, 0)
ObjId = 5011
iconTextVisible = true
iconColor = [0.0, 0.0, 1.0]
iconImagePicker = 7
iconTeamOwnerId = 1

[node name="InteractPointSpectate2" parent="TEAM_1_HQ/InteractArea" instance=ExtResource("5_ese5t")]
transform = Transform3D(1, 0, -5.12227e-09, 0, 1, 0, 5.12227e-09, 0, 1, -68.0787, 4.79028, 4.41016)
ObjId = 6001

[node name="AreaTrigger" parent="TEAM_1_HQ" node_paths=PackedStringArray("Area") instance=ExtResource("12_i6y8r")]
transform = Transform3D(1, 0, 0, 0, 1, 0, 0, 0, 1, 0, 0, 3.93731)
ObjId = 7001
Area = NodePath("../HQ_Team1")

[node name="TEAM_2_HQ" parent="." node_paths=PackedStringArray("HQArea", "InfantrySpawns") instance=ExtResource("1_6regb")]
transform = Transform3D(1, 0, 0, 0, 1, 0, 0, 0, 1, 482.912, 155.421, 144.877)
Team = 2
AltTeam = 0
ObjId = 102
HQArea = NodePath("HQ_Team2")
InfantrySpawns = [NodePath("SpawnPoint_2_1"), NodePath("SpawnPoint_2_2"), NodePath("SpawnPoint_2_3")]

[node name="HQ_Team2" parent="TEAM_2_HQ" instance=ExtResource("2_h1nif")]
transform = Transform3D(1, 0, 0, 0, 1, 0, 0, 0, 1, -5.256, 20, 10.822)
points = PackedVector2Array(66.933, 20.6799, 63.3173, -31.4865, -52.4493, -31.1842, -73.9869, 23.5609, -1.72586, 18.3992)

[node name="SpawnPoint_2_1" parent="TEAM_2_HQ" instance=ExtResource("3_qrtsr")]
transform = Transform3D(0.867202, 0, 0.497958, 0, 1, 0, -0.497958, 0, 0.867202, -62.9333, -3.96335, -2.89595)

[node name="SpawnPoint_2_2" parent="TEAM_2_HQ" instance=ExtResource("3_qrtsr")]
transform = Transform3D(0.999477, 0, -0.0323357, 0, 1, 0, 0.0323357, 0, 0.999477, -24.6081, -3.94753, -1.44043)

[node name="SpawnPoint_2_3" parent="TEAM_2_HQ" instance=ExtResource("3_qrtsr")]
transform = Transform3D(0.407215, 0, -0.913332, 0, 1, 0, 0.913332, 0, 0.407215, -50.531, -4.04929, -7.18979)

[node name="InteractArea" parent="TEAM_2_HQ" instance=ExtResource("4_81tfa")]
transform = Transform3D(0.998983, 0, -0.0451018, 0, 1, 0, 0.0451018, 0, 0.998983, 0, -0.471268, 0)

[node name="InteractPointChangeTeam" parent="TEAM_2_HQ/InteractArea" instance=ExtResource("5_ese5t")]
transform = Transform3D(1, 0, 0, 0, 1, 0, 0, 0, 1, -3, 1, 0)
ObjId = 2003

[node name="WorldIcon" type="Node3D" parent="TEAM_2_HQ/InteractArea/InteractPointChangeTeam"]
script = ExtResource("6_1itvp")
ObjId = 5003
iconTextVisible = true
iconColor = [0.0, 1.0, 0.0]
iconImagePicker = 6
iconImageVisible = true
iconTeamOwnerId = 2

[node name="InteractPointReady" parent="TEAM_2_HQ/InteractArea" instance=ExtResource("5_ese5t")]
transform = Transform3D(-4.37114e-08, 0, 1, 0, 1, 0, -1, 0, -4.37114e-08, 3, 1, 0)
ObjId = 2004

[node name="WorldIcon" type="Node3D" parent="TEAM_2_HQ/InteractArea/InteractPointReady"]
script = ExtResource("6_1itvp")
ObjId = 5004
iconTextVisible = true
iconColor = [0.0, 0.5, 1.0]
iconImagePicker = 7
iconImageVisible = true
iconTeamOwnerId = 2

[node name="WorldIcon" parent="TEAM_2_HQ/InteractArea" instance=ExtResource("7_rrch2")]
transform = Transform3D(1, 0, 0, 0, 1, 0, 0, 0, 1, 0, 2, 0)
ObjId = 5012
iconTextVisible = true
iconColor = [0.0, 0.0, 1.0]
iconImagePicker = 7
iconTeamOwnerId = 2

[node name="AreaTrigger2" parent="TEAM_2_HQ" node_paths=PackedStringArray("Area") instance=ExtResource("12_i6y8r")]
transform = Transform3D(1, 0, 0, 0, 1, 0, 0, 0, 1, -11.3925, -6.19859, -11.3767)
ObjId = 7002
Area = NodePath("../HQ_Team2")

[node name="CombatArea" parent="." node_paths=PackedStringArray("CombatVolume") instance=ExtResource("4_f7iu5")]
transform = Transform3D(1, 0, 0, 0, 1, 0, 0, 0, 1, 589.428, 136.643, 529.153)
CombatVolume = NodePath("CombatVolume")

[node name="CombatVolume" parent="CombatArea" instance=ExtResource("2_h1nif")]
transform = Transform3D(1, 0, 0, 0, 1, 0, 0, 0, 1, -129.296, 94.8635, -303.683)
points = PackedVector2Array(15.7979, -51.3718, -56.4631, -46.2103, -75.3034, -21.1397, -78.9679, -5.1483, -75.574, 37.8417, -38.8063, 56.5083, 17.3327, 61.5905, 90.1176, 44.482, 102.607, -2.14101, 84.4579, -49.0911)

[node name="Camera3D" type="Camera3D" parent="."]
transform = Transform3D(1, 0, 0, 0, 0.101056, 0.994881, 0, -0.994881, 0.101056, 572.677, 462.141, 351.119)

[node name="DeployCam" parent="Camera3D" instance=ExtResource("5_5ep31")]

[node name="Static" type="Node3D" parent="."]

[node name="MP_Granite_MilitaryStorage_Portal_Terrain" parent="Static" instance=ExtResource("6_77pa2")]
metadata/_edit_lock_ = true

[node name="MP_Granite_MilitaryStorage_Portal_Assets" parent="Static" instance=ExtResource("7_s6r3t")]
metadata/_edit_lock_ = true

[node name="CombatAreaSector" parent="." node_paths=PackedStringArray("CapturePoints") instance=ExtResource("8_qrtsr")]
CapturePoints = [NodePath("../CapturePointA"), NodePath("../CapturePointB"), NodePath("../CapturePointC")]

[node name="CapturePointA" parent="." node_paths=PackedStringArray("CaptureArea", "InfantrySpawnPoints_Team1", "InfantrySpawnPoints_Team2") instance=ExtResource("9_f7iu5")]
transform = Transform3D(1, 0, 0, 0, 1, 0, 0, 0, 1, 513.962, 149.394, 251.768)
ObjId = 201
OutlineAbove16Points = true
TacticalAdviceAirVehicleFriendly = true
TacticalAdvicePriorityLevel_Team1 = 1
TacticalAdvicePriorityLevel_Team2 = 2
CaptureArea = NodePath("CapturePointArea")
InfantrySpawnPoints_Team1 = [NodePath("Spawns/Team1/SpawnPoint_1"), NodePath("Spawns/Team1/SpawnPoint_2"), NodePath("Spawns/Team1/SpawnPoint_3"), NodePath("Spawns/Team1/SpawnPoint_4"), NodePath("Spawns/Team1/SpawnPoint_5")]
InfantrySpawnPoints_Team2 = [NodePath("Spawns/Team2/SpawnPoint_6"), NodePath("Spawns/Team2/SpawnPoint_7"), NodePath("Spawns/Team2/SpawnPoint_8"), NodePath("Spawns/Team2/SpawnPoint_9"), NodePath("Spawns/Team2/SpawnPoint_10")]

[node name="CapturePointArea" parent="CapturePointA" instance=ExtResource("2_h1nif")]
transform = Transform3D(1, 0, 0, 0, 1, 0, 0, 0, 1, -0.000305176, -0.705582, -3.05176e-05)
points = PackedVector2Array(8.25, 9, 8.25, -9, -8.25, -9, -8.25, 9)
height = 4.0

[node name="Spawns" type="Node3D" parent="CapturePointA"]
transform = Transform3D(1, 0, 0, 0, 1, 0, 0, 0, 1, -6.87198, 0, 1.972)

[node name="Team1" type="Node3D" parent="CapturePointA/Spawns"]

[node name="SpawnPoint_1" parent="CapturePointA/Spawns/Team1" instance=ExtResource("3_qrtsr")]
transform = Transform3D(0.164652, 0, -0.986352, 0, 1, 0, 0.986352, 0, 0.164652, -18.3336, -0.819824, 33.6002)

[node name="SpawnPoint_2" parent="CapturePointA/Spawns/Team1" instance=ExtResource("3_qrtsr")]
transform = Transform3D(-0.847937, 0, -0.530098, 0, 1, 0, 0.530098, 0, -0.847937, -40.9024, -0.778091, 25.2881)

[node name="SpawnPoint_3" parent="CapturePointA/Spawns/Team1" instance=ExtResource("3_qrtsr")]
transform = Transform3D(-0.820231, 0, 0.572031, 0, 1, 0, -0.572031, 0, -0.820231, 18.894, -0.841904, 33.3945)

[node name="SpawnPoint_4" parent="CapturePointA/Spawns/Team1" instance=ExtResource("3_qrtsr")]
transform = Transform3D(0.466957, 0, 0.88428, 0, 1, 0, -0.88428, 0, 0.466957, -29.7488, -0.772415, 25.5062)

[node name="SpawnPoint_5" parent="CapturePointA/Spawns/Team1" instance=ExtResource("3_qrtsr")]
transform = Transform3D(-0.774679, 0, 0.632354, 0, 1, 0, -0.632354, 0, -0.774679, 8.97723, -0.856216, 25.4786)

[node name="Team2" type="Node3D" parent="CapturePointA/Spawns"]

[node name="SpawnPoint_6" parent="CapturePointA/Spawns/Team2" instance=ExtResource("3_qrtsr")]
transform = Transform3D(0.813273, 0, -0.581882, 0, 1, 0, 0.581882, 0, 0.813273, 1.6474, -0.700928, -38.7352)

[node name="SpawnPoint_7" parent="CapturePointA/Spawns/Team2" instance=ExtResource("3_qrtsr")]
transform = Transform3D(0.815966, 0, -0.5781, 0, 1, 0, 0.5781, 0, 0.815966, 15.5149, -0.407578, -43.4623)

[node name="SpawnPoint_8" parent="CapturePointA/Spawns/Team2" instance=ExtResource("3_qrtsr")]
transform = Transform3D(0.998758, 0, -0.0498263, 0, 1, 0, 0.0498263, 0, 0.998758, -11.6611, -0.710449, -35.5107)

[node name="SpawnPoint_9" parent="CapturePointA/Spawns/Team2" instance=ExtResource("3_qrtsr")]
transform = Transform3D(-0.56048, 0, 0.828168, 0, 1, 0, -0.828168, 0, -0.56048, -21.6368, -0.652161, 11.7457)

[node name="SpawnPoint_10" parent="CapturePointA/Spawns/Team2" instance=ExtResource("3_qrtsr")]
transform = Transform3D(0.553668, 0, 0.832738, 0, 1, 0, -0.832738, 0, 0.553668, -18.8534, -0.688934, -32.2289)

[node name="CapturePointB" parent="." node_paths=PackedStringArray("CaptureArea", "InfantrySpawnPoints_Team1", "InfantrySpawnPoints_Team2") instance=ExtResource("9_f7iu5")]
transform = Transform3D(1, 0, 0, 0, 1, 0, 0, 0, 1, 417.651, 148.669, 220.484)
ObjId = 202
OutlineAbove16Points = true
TacticalAdviceAirVehicleFriendly = true
TacticalAdvicePriorityLevel_Team1 = 1
TacticalAdvicePriorityLevel_Team2 = 2
CaptureArea = NodePath("CapturePointArea")
InfantrySpawnPoints_Team1 = [NodePath("Spawns/Team1/SpawnPoint_1"), NodePath("Spawns/Team1/SpawnPoint_2"), NodePath("Spawns/Team1/SpawnPoint_3"), NodePath("Spawns/Team1/SpawnPoint_4"), NodePath("Spawns/Team1/SpawnPoint_5")]
InfantrySpawnPoints_Team2 = [NodePath("Spawns/Team2/SpawnPoint_6"), NodePath("Spawns/Team2/SpawnPoint_7"), NodePath("Spawns/Team2/SpawnPoint_8"), NodePath("Spawns/Team2/SpawnPoint_9"), NodePath("Spawns/Team2/SpawnPoint_10")]

[node name="CapturePointArea" parent="CapturePointB" instance=ExtResource("2_h1nif")]
transform = Transform3D(1, 0, 0, 0, 1, 0, 0, 0, 1, 0, -0.0746002, -0.000457764)
points = PackedVector2Array(7.25, -10, -7.25, -10, -7.25, 10, 7.25, 10)
height = 3.0

[node name="Spawns" type="Node3D" parent="CapturePointB"]
transform = Transform3D(1, 0, 0, 0, 1, 0, 0, 0, 1, -12.3941, 0.803497, 19.8455)

[node name="Team1" type="Node3D" parent="CapturePointB/Spawns"]

[node name="SpawnPoint_1" parent="CapturePointB/Spawns/Team1" instance=ExtResource("3_qrtsr")]
transform = Transform3D(-0.912191, 0, -0.409764, 0, 1, 0, 0.409764, 0, -0.912191, -6.44904, -1.31694, 9.6944)

[node name="SpawnPoint_2" parent="CapturePointB/Spawns/Team1" instance=ExtResource("3_qrtsr")]
transform = Transform3D(-0.992048, 0, 0.125852, 0, 1, 0, -0.125852, 0, -0.992048, 18.9915, -0.7836, 1.67584)

[node name="SpawnPoint_3" parent="CapturePointB/Spawns/Team1" instance=ExtResource("3_qrtsr")]
transform = Transform3D(-0.950184, 0, -0.311688, 0, 1, 0, 0.311688, 0, -0.950184, 5.90961, -0.780411, 10.1677)

[node name="SpawnPoint_4" parent="CapturePointB/Spawns/Team1" instance=ExtResource("3_qrtsr")]
transform = Transform3D(-0.842011, 0, -0.539462, 0, 1, 0, 0.539462, 0, -0.842011, 13.7337, 0.456451, 21.1725)

[node name="SpawnPoint_5" parent="CapturePointB/Spawns/Team1" instance=ExtResource("3_qrtsr")]
transform = Transform3D(0.80236, 0, 0.596841, 0, 1, 0, -0.596841, 0, 0.80236, 16.3696, -0.763855, 7.47087)

[node name="Team2" type="Node3D" parent="CapturePointB/Spawns"]

[node name="SpawnPoint_6" parent="CapturePointB/Spawns/Team2" instance=ExtResource("3_qrtsr")]
transform = Transform3D(-0.454815, 0, 0.890586, 0, 1, 0, -0.890586, 0, -0.454815, 17.0999, -0.67421, -44.0176)

[node name="SpawnPoint_7" parent="CapturePointB/Spawns/Team2" instance=ExtResource("3_qrtsr")]
transform = Transform3D(0.508246, 0, 0.861213, 0, 1, 0, -0.861213, 0, 0.508246, 26.5084, -0.798447, -46.3328)

[node name="SpawnPoint_8" parent="CapturePointB/Spawns/Team2" instance=ExtResource("3_qrtsr")]
transform = Transform3D(0.656573, 0, -0.754263, 0, 1, 0, 0.754263, 0, 0.656573, -3.32388, -1.49686, -52.8632)

[node name="SpawnPoint_9" parent="CapturePointB/Spawns/Team2" instance=ExtResource("3_qrtsr")]
transform = Transform3D(0.522975, 0, 0.852348, 0, 1, 0, -0.852348, 0, 0.522975, 27.8889, -0.756577, -34.4067)

[node name="SpawnPoint_10" parent="CapturePointB/Spawns/Team2" instance=ExtResource("3_qrtsr")]
transform = Transform3D(0.942012, 0, 0.335583, 0, 1, 0, -0.335583, 0, 0.942012, 32.632, -0.19545, -54.9027)

[node name="CapturePointC" parent="." node_paths=PackedStringArray("CaptureArea", "InfantrySpawnPoints_Team1", "InfantrySpawnPoints_Team2") instance=ExtResource("9_f7iu5")]
transform = Transform3D(1, 0, 0, 0, 1, 0, 0, 0, 1, 507.276, 148.659, 191.761)
ObjId = 203
OutlineAbove16Points = true
TacticalAdviceAirVehicleFriendly = true
TacticalAdvicePriorityLevel_Team1 = 1
TacticalAdvicePriorityLevel_Team2 = 1
CaptureArea = NodePath("CapturePointArea")
InfantrySpawnPoints_Team1 = [NodePath("Spawns/Team1/SpawnPoint_1"), NodePath("Spawns/Team1/SpawnPoint_2"), NodePath("Spawns/Team1/SpawnPoint_3"), NodePath("Spawns/Team1/SpawnPoint_4"), NodePath("Spawns/Team1/SpawnPoint_5")]
InfantrySpawnPoints_Team2 = [NodePath("Spawns/Team2/SpawnPoint_6"), NodePath("Spawns/Team2/SpawnPoint_7"), NodePath("Spawns/Team2/SpawnPoint_8"), NodePath("Spawns/Team2/SpawnPoint_9"), NodePath("Spawns/Team2/SpawnPoint_10")]

[node name="CapturePointArea" parent="CapturePointC" instance=ExtResource("2_h1nif")]
transform = Transform3D(1, 0, 0, 0, 1, 0, 0, 0, 1, -0.000244141, 0, 0)
points = PackedVector2Array(10, 7, 10, -7, -10, -7, -10, 7)
height = 3.0

[node name="Spawns" type="Node3D" parent="CapturePointC"]
transform = Transform3D(1, 0, 0, 0, 1, 0, 0, 0, 1, -3.78799, 0, -25.2734)

[node name="Team1" type="Node3D" parent="CapturePointC/Spawns"]

[node name="SpawnPoint_1" parent="CapturePointC/Spawns/Team1" instance=ExtResource("3_qrtsr")]
transform = Transform3D(-0.99895, 0, 0.0457987, 0, 1, 0, -0.0457987, 0, -0.99895, -6.43588, 0.198059, 56.1001)

[node name="SpawnPoint_2" parent="CapturePointC/Spawns/Team1" instance=ExtResource("3_qrtsr")]
transform = Transform3D(0.152486, 0, -0.988306, 0, 1, 0, 0.988306, 0, 0.152486, 20.7321, 0.538589, 33.6323)

[node name="SpawnPoint_3" parent="CapturePointC/Spawns/Team1" instance=ExtResource("3_qrtsr")]
transform = Transform3D(-0.69739, 0, -0.716692, 0, 1, 0, 0.716692, 0, -0.69739, -24.341, 0.823929, 52.9489)

[node name="SpawnPoint_4" parent="CapturePointC/Spawns/Team1" instance=ExtResource("3_qrtsr")]
transform = Transform3D(-0.928194, 0, 0.372097, 0, 1, 0, -0.372097, 0, -0.928194, -20.9235, 0.113297, 66.7875)

[node name="SpawnPoint_5" parent="CapturePointC/Spawns/Team1" instance=ExtResource("3_qrtsr")]
transform = Transform3D(-0.636429, 0, -0.771336, 0, 1, 0, 0.771336, 0, -0.636429, 36.5982, 0.470383, 29.6543)

[node name="Team2" type="Node3D" parent="CapturePointC/Spawns"]

[node name="SpawnPoint_6" parent="CapturePointC/Spawns/Team2" instance=ExtResource("3_qrtsr")]
transform = Transform3D(0.750872, 0, 0.660448, 0, 1, 0, -0.660448, 0, 0.750872, -11.6283, -0.0401764, 10.4773)

[node name="SpawnPoint_7" parent="CapturePointC/Spawns/Team2" instance=ExtResource("3_qrtsr")]
transform = Transform3D(0.417376, 0, -0.908734, 0, 1, 0, 0.908734, 0, 0.417376, 24.8645, -0.0238342, 7.23622)

[node name="SpawnPoint_8" parent="CapturePointC/Spawns/Team2" instance=ExtResource("3_qrtsr")]
transform = Transform3D(0.693591, 0, -0.72037, 0, 1, 0, 0.72037, 0, 0.693591, -25.8207, 0.948151, 15.9574)

[node name="SpawnPoint_9" parent="CapturePointC/Spawns/Team2" instance=ExtResource("3_qrtsr")]
transform = Transform3D(0.713704, 0, -0.700449, 0, 1, 0, 0.700449, 0, 0.713704, 35.9366, 4.12061, 9.3484)

[node name="SpawnPoint_10" parent="CapturePointC/Spawns/Team2" instance=ExtResource("3_qrtsr")]
transform = Transform3D(0.984974, 0, -0.172703, 0, 1, 0, 0.172703, 0, 0.984974, -7.28568, 0.32518, 6.55431)

[node name="FixedCamera" parent="." instance=ExtResource("22_gu0rc")]
transform = Transform3D(1, 0, 0, 0, -4.37114e-08, -1, 0, 1, -4.37114e-08, 477.832, 183.434, 225.925)
ObjId = 901

[node name="RestrictedAreas" type="Node3D" parent="."]

[node name="AreaTrigger" parent="RestrictedAreas" node_paths=PackedStringArray("Area") instance=ExtResource("12_i6y8r")]
transform = Transform3D(1, 0, 0, 0, 1, 0, 0, 0, 1, 127.922, 0, 90.5496)
ObjId = 20001
Area = NodePath("../PolygonVolume")

[node name="PolygonVolume" parent="RestrictedAreas" instance=ExtResource("2_h1nif")]
transform = Transform3D(1, 0, 0, 0, 1, 0, 0, 0, 1, 495.307, 152.331, 222.944)
points = PackedVector2Array(-26.2457, 55.0597, -2.88391, 55.97, -2.58054, 46.2612, 28.0628, 44.4408, 28.6696, -42.9382, -71.7556, -41.4212, -70.8454, -15.6323, -86.9255, -15.6323, -86.0153, 14.4043, -77.2167, 15.011, -77.5201, 52.3292, -46.27, 51.1156)
height = 10.0

[node name="AddedAssets" type="Node3D" parent="."]

[node name="BarrierStoneBlock_01_F" parent="AddedAssets" instance=ExtResource("17_ese5t")]
transform = Transform3D(1, 0, 0, 0, 0.001, 0, 0, 0, 0.001, 452.795, 152.575, 208.248)

[node name="FiringRange_Wall_1024_01" parent="AddedAssets" instance=ExtResource("18_1itvp")]
transform = Transform3D(1, 0, 0, 0, 1, 0, 0, 0, 1, 499.352, 152.62, 212.088)

[node name="FiringRange_Wall_1024_02" parent="AddedAssets" instance=ExtResource("18_1itvp")]
transform = Transform3D(1, 0, 0, 0, 1, 0, 0, 0, 1, 494.226, 152.62, 212.088)

[node name="FiringRange_Wall_1024_03" parent="AddedAssets" instance=ExtResource("18_1itvp")]
transform = Transform3D(-1.09278e-08, 0, -1, 0, 1, 0, 0.25, 0, -4.37114e-08, 494.872, 152.62, 210.141)

[node name="FiringRange_Wall_1024_05" parent="AddedAssets" instance=ExtResource("18_1itvp")]
transform = Transform3D(-4.80825e-08, -1.1, 4.80825e-08, 0, -4.80825e-08, -1.1, 1.1, -4.80825e-08, 2.10175e-15, 517.471, 153.153, 199.011)

[node name="FiringRange_Wall_1024_06" parent="AddedAssets" instance=ExtResource("18_1itvp")]
transform = Transform3D(-4.37114e-08, 0, 1, 0, 1, 0, -1, 0, -4.37114e-08, 494.336, 152.297, 194.136)

[node name="FiringRange_Wall_1024_07" parent="AddedAssets" instance=ExtResource("18_1itvp")]
transform = Transform3D(-4.37114e-08, 0, 1, 0, 1, 0, -1, 0, -4.37114e-08, 494.336, 152.297, 204.291)

[node name="FiringRange_Wall_1024_08" parent="AddedAssets" instance=ExtResource("18_1itvp")]
transform = Transform3D(-4.37114e-08, 0, 1, 0, 1, 0, -1, 0, -4.37114e-08, 494.336, 152.297, 207.235)

[node name="FiringRange_Wall_1024_09" parent="AddedAssets" instance=ExtResource("18_1itvp")]
transform = Transform3D(1, 0, 0, 0, 1, 0, 0, 0, 1, 494.353, 152.297, 206.572)

[node name="BarrierStoneBlock_01_F2" parent="AddedAssets" instance=ExtResource("17_ese5t")]
transform = Transform3D(1, 0, 0, 0, 1, 0, 0, 0, 1, 502.62, 152.53, 208.5)

[node name="BarrierStoneBlock_01_F3" parent="AddedAssets" instance=ExtResource("17_ese5t")]
transform = Transform3D(1, 0, 0, 0, 1, 0, 0, 0, 1, 509.284, 152.667, 211.447)

[node name="FiringRange_Wall_1024_04" parent="AddedAssets" instance=ExtResource("18_1itvp")]
transform = Transform3D(1, 0, 0, 0, 1, 0, 0, 0, 1, 511.946, 152.378, 264.445)

[node name="FiringRange_Wall_1024_10" parent="AddedAssets" instance=ExtResource("18_1itvp")]
transform = Transform3D(1, 0, 0, 0, 1, 0, 0, 0, 1, 501.93, 152.378, 264.445)

[node name="FiringRange_Wall_1024_11" parent="AddedAssets" instance=ExtResource("18_1itvp")]
transform = Transform3D(1, 0, 0, 0, 1, 0, 0, 0, 1, 491.726, 152.378, 264.445)

[node name="ContainerStandardOpen_01_640_A" parent="AddedAssets" instance=ExtResource("19_rrch2")]
transform = Transform3D(0.308253, 0, 0.951304, 0, 1, 0, -0.951304, 0, 0.308253, 490.768, 155.026, 158.682)

[node name="ContainerStandardOpen_01_640_A3" parent="AddedAssets" instance=ExtResource("19_rrch2")]
transform = Transform3D(0.297533, -0.261431, 0.91822, 0.080587, 0.965222, 0.248701, -0.951304, 0, 0.308253, 472.128, 153.147, 158.682)

[node name="ContainerStandardOpen_01_640_A4" parent="AddedAssets" instance=ExtResource("19_rrch2")]
transform = Transform3D(0.30803, 0.0380565, 0.950615, -0.011731, 0.999276, -0.0362032, -0.951304, 0, 0.308253, 433.867, 152.332, 163.98)

[node name="ContainerStandardOpen_01_640_A2" parent="AddedAssets" instance=ExtResource("19_rrch2")]
transform = Transform3D(-0.340609, 0, 0.940205, 0, 1, 0, -0.940205, 0, -0.340609, 507.885, 155.026, 158.682)

[node name="BarrierStoneBlock_01_A" parent="AddedAssets" instance=ExtResource("20_wqa8p")]
transform = Transform3D(1, 0, 0, 0, 1, 0, 0, 0, 1, 490.126, 155.5, 196.893)

[node name="BarrierStoneBlock_01_A4" parent="AddedAssets" instance=ExtResource("20_wqa8p")]
transform = Transform3D(1, 0, 0, 0, 1, 0, 0, 0, 1, 423.139, 155.5, 208.067)

[node name="BarrierStoneBlock_01_A2" parent="AddedAssets" instance=ExtResource("20_wqa8p")]
transform = Transform3D(1, 0, 0, 0, 1, 0, 0, 0, 1, 438.852, 155.5, 244.308)

[node name="Container_02_Closed" parent="AddedAssets" instance=ExtResource("21_3en60")]
transform = Transform3D(-4.37114e-08, 0, 1, 0, 1, 0, -1, 0, -4.37114e-08, 449.57, 148.652, 212.868)

[node name="Container_02_Closed9" parent="AddedAssets" instance=ExtResource("21_3en60")]
transform = Transform3D(-4.37114e-08, 0, 1, 0, 1, 0, -1, 0, -4.37114e-08, 445.841, 148.652, 228.947)

[node name="Container_02_Closed3" parent="AddedAssets" instance=ExtResource("21_3en60")]
transform = Transform3D(-4.37114e-08, 0, 1, 0, 1, 0, -1, 0, -4.37114e-08, 462.316, 148.652, 212.868)

[node name="Container_02_Closed6" parent="AddedAssets" instance=ExtResource("21_3en60")]
transform = Transform3D(-4.37114e-08, 0, 1, 0, 1, 0, -1, 0, -4.37114e-08, 464.959, 148.652, 241.692)

[node name="Container_02_Closed20" parent="AddedAssets" instance=ExtResource("21_3en60")]
transform = Transform3D(-4.37114e-08, 0, 1, 0, 1, 0, -1, 0, -4.37114e-08, 468.743, 148.652, 236.256)

[node name="Container_02_Closed21" parent="AddedAssets" instance=ExtResource("21_3en60")]
transform = Transform3D(-4.37114e-08, 0, 1, 0, 1, 0, -1, 0, -4.37114e-08, 468.743, 151.224, 236.256)

[node name="Container_02_Closed10" parent="AddedAssets" instance=ExtResource("21_3en60")]
transform = Transform3D(-4.37114e-08, 0, 1, 0, 1, 0, -1, 0, -4.37114e-08, 458.211, 148.652, 253.244)

[node name="Container_02_Closed11" parent="AddedAssets" instance=ExtResource("21_3en60")]
transform = Transform3D(-4.37114e-08, 0, 1, 0, 1, 0, -1, 0, -4.37114e-08, 458.211, 148.652, 255.886)

[node name="Container_02_Closed12" parent="AddedAssets" instance=ExtResource("21_3en60")]
transform = Transform3D(-4.37114e-08, 0, 1, 0, 1, 0, -1, 0, -4.37114e-08, 451.026, 148.652, 253.244)

[node name="Container_02_Closed13" parent="AddedAssets" instance=ExtResource("21_3en60")]
transform = Transform3D(-4.37114e-08, 0, 1, 0, 1, 0, -1, 0, -4.37114e-08, 451.026, 148.652, 255.886)

[node name="Container_02_Closed14" parent="AddedAssets" instance=ExtResource("21_3en60")]
transform = Transform3D(-4.37114e-08, 0, 1, 0, 1, 0, -1, 0, -4.37114e-08, 458.211, 151.253, 253.244)

[node name="Container_02_Closed15" parent="AddedAssets" instance=ExtResource("21_3en60")]
transform = Transform3D(-4.37114e-08, 0, 1, 0, 1, 0, -1, 0, -4.37114e-08, 458.211, 151.253, 255.886)

[node name="Container_02_Closed33" parent="AddedAssets" instance=ExtResource("21_3en60")]
transform = Transform3D(-4.37114e-08, 0, 1, 0, 1, 0, -1, 0, -4.37114e-08, 461.45, 148.652, 264.415)

[node name="Container_02_Closed34" parent="AddedAssets" instance=ExtResource("21_3en60")]
transform = Transform3D(-4.37114e-08, 0, 1, 0, 1, 0, -1, 0, -4.37114e-08, 461.45, 151.253, 264.415)

[node name="Container_02_Closed35" parent="AddedAssets" instance=ExtResource("21_3en60")]
transform = Transform3D(-4.37114e-08, 0, 1, 0, 1, 0, -1, 0, -4.37114e-08, 448.546, 148.652, 264.415)

[node name="Container_02_Closed36" parent="AddedAssets" instance=ExtResource("21_3en60")]
transform = Transform3D(-4.37114e-08, 0, 1, 0, 1, 0, -1, 0, -4.37114e-08, 448.546, 151.253, 264.415)

[node name="Container_02_Closed16" parent="AddedAssets" instance=ExtResource("21_3en60")]
transform = Transform3D(-4.37114e-08, 0, 1, 0, 1, 0, -1, 0, -4.37114e-08, 451.026, 151.253, 253.244)

[node name="Container_02_Closed17" parent="AddedAssets" instance=ExtResource("21_3en60")]
transform = Transform3D(-4.37114e-08, 0, 1, 0, 1, 0, -1, 0, -4.37114e-08, 451.026, 151.253, 255.886)

[node name="Container_02_Closed7" parent="AddedAssets" instance=ExtResource("21_3en60")]
transform = Transform3D(-4.37114e-08, 0, 1, 0, 1, 0, -1, 0, -4.37114e-08, 472.135, 148.652, 241.692)

[node name="Container_02_Closed18" parent="AddedAssets" instance=ExtResource("21_3en60")]
transform = Transform3D(-4.37114e-08, 0, 1, 0, 1, 0, -1, 0, -4.37114e-08, 464.959, 151.238, 241.692)

[node name="Container_02_Closed19" parent="AddedAssets" instance=ExtResource("21_3en60")]
transform = Transform3D(-4.37114e-08, 0, 1, 0, 1, 0, -1, 0, -4.37114e-08, 472.135, 151.238, 241.692)

[node name="Container_02_Closed2" parent="AddedAssets" instance=ExtResource("21_3en60")]
transform = Transform3D(1, 0, 0, 0, 1, 0, 0, 0, 1, 454.186, 148.652, 212.868)

[node name="Container_02_Closed25" parent="AddedAssets" instance=ExtResource("21_3en60")]
transform = Transform3D(-4.37114e-08, 0, 1, 0, 1, 0, -1, 0, -4.37114e-08, 449.57, 151.267, 212.868)

[node name="Container_02_Closed31" parent="AddedAssets" instance=ExtResource("21_3en60")]
transform = Transform3D(-4.37114e-08, 0, 1, 0, 1, 0, -1, 0, -4.37114e-08, 431.53, 148.652, 212.868)

[node name="Container_02_Closed32" parent="AddedAssets" instance=ExtResource("21_3en60")]
transform = Transform3D(-4.37114e-08, 0, 1, 0, 1, 0, -1, 0, -4.37114e-08, 431.53, 151.267, 212.868)

[node name="Container_02_Closed26" parent="AddedAssets" instance=ExtResource("21_3en60")]
transform = Transform3D(1, 0, 0, 0, 1, 0, 0, 0, 1, 454.186, 151.267, 212.868)

[node name="Container_02_Closed4" parent="AddedAssets" instance=ExtResource("21_3en60")]
transform = Transform3D(1, 0, 0, 0, 1, 0, 0, 0, 1, 459.612, 148.652, 210.288)

[node name="Container_02_Closed5" parent="AddedAssets" instance=ExtResource("21_3en60")]
transform = Transform3D(1, 0, 0, 0, 1, 0, 0, 0, 1, 459.612, 148.652, 217.484)

[node name="Container_02_Closed22" parent="AddedAssets" instance=ExtResource("21_3en60")]
transform = Transform3D(-4.37114e-08, 0, 1, 0, 1, 0, -1, 0, -4.37114e-08, 462.316, 151.216, 212.868)

[node name="Container_02_Closed37" parent="AddedAssets" instance=ExtResource("21_3en60")]
transform = Transform3D(-4.37114e-08, 0, 1, 0, 1, 0, -1, 0, -4.37114e-08, 470.396, 148.652, 201.963)

[node name="Container_02_Closed38" parent="AddedAssets" instance=ExtResource("21_3en60")]
transform = Transform3D(-4.37114e-08, 0, 1, 0, 1, 0, -1, 0, -4.37114e-08, 470.396, 151.216, 201.963)

[node name="Container_02_Closed39" parent="AddedAssets" instance=ExtResource("21_3en60")]
transform = Transform3D(-4.37114e-08, 0, 1, 0, 1, 0, -1, 0, -4.37114e-08, 477.612, 148.652, 201.963)

[node name="Container_02_Closed40" parent="AddedAssets" instance=ExtResource("21_3en60")]
transform = Transform3D(-4.37114e-08, 0, 1, 0, 1, 0, -1, 0, -4.37114e-08, 477.612, 151.216, 201.963)

[node name="Container_02_Closed41" parent="AddedAssets" instance=ExtResource("21_3en60")]
transform = Transform3D(-4.37114e-08, 0, 1, 0, 1, 0, -1, 0, -4.37114e-08, 477.612, 148.652, 209.381)

[node name="Container_02_Closed42" parent="AddedAssets" instance=ExtResource("21_3en60")]
transform = Transform3D(-4.37114e-08, 0, 1, 0, 1, 0, -1, 0, -4.37114e-08, 477.612, 151.216, 209.381)

[node name="Container_02_Closed43" parent="AddedAssets" instance=ExtResource("21_3en60")]
transform = Transform3D(-4.37114e-08, 0, 1, 0, 1, 0, -1, 0, -4.37114e-08, 497.688, 148.652, 234.115)

[node name="Container_02_Closed44" parent="AddedAssets" instance=ExtResource("21_3en60")]
transform = Transform3D(-4.37114e-08, 0, 1, 0, 1, 0, -1, 0, -4.37114e-08, 497.688, 151.216, 234.115)

[node name="Container_02_Closed45" parent="AddedAssets" instance=ExtResource("21_3en60")]
transform = Transform3D(-4.37114e-08, 0, 1, 0, 1, 0, -1, 0, -4.37114e-08, 499.956, 148.652, 231.515)

[node name="Container_02_Closed46" parent="AddedAssets" instance=ExtResource("21_3en60")]
transform = Transform3D(-4.37114e-08, 0, 1, 0, 1, 0, -1, 0, -4.37114e-08, 499.956, 151.216, 231.515)

[node name="Container_02_Closed47" parent="AddedAssets" instance=ExtResource("21_3en60")]
transform = Transform3D(-4.37114e-08, 0, 1, 0, 1, 0, -1, 0, -4.37114e-08, 487.566, 148.652, 230.802)

[node name="Container_02_Closed48" parent="AddedAssets" instance=ExtResource("21_3en60")]
transform = Transform3D(-4.37114e-08, 0, 1, 0, 1, 0, -1, 0, -4.37114e-08, 487.566, 151.216, 230.802)

[node name="Container_02_Closed49" parent="AddedAssets" instance=ExtResource("21_3en60")]
transform = Transform3D(-4.37114e-08, 0, 1, 0, 1, 0, -1, 0, -4.37114e-08, 487.566, 148.652, 228.219)

[node name="Container_02_Closed50" parent="AddedAssets" instance=ExtResource("21_3en60")]
transform = Transform3D(-4.37114e-08, 0, 1, 0, 1, 0, -1, 0, -4.37114e-08, 487.566, 151.216, 228.219)

[node name="Container_02_Closed23" parent="AddedAssets" instance=ExtResource("21_3en60")]
transform = Transform3D(1, 0, 0, 0, 1, 0, 0, 0, 1, 459.612, 151.216, 210.288)

[node name="Container_02_Closed29" parent="AddedAssets" instance=ExtResource("21_3en60")]
transform = Transform3D(1, 0, 0, 0, 1, 0, 0, 0, 1, 478.804, 148.652, 210.288)

[node name="Container_02_Closed30" parent="AddedAssets" instance=ExtResource("21_3en60")]
transform = Transform3D(1, 0, 0, 0, 1, 0, 0, 0, 1, 478.804, 151.216, 210.288)

[node name="Container_02_Closed24" parent="AddedAssets" instance=ExtResource("21_3en60")]
transform = Transform3D(1, 0, 0, 0, 1, 0, 0, 0, 1, 459.612, 151.216, 217.484)

[node name="Container_02_Closed8" parent="AddedAssets" instance=ExtResource("21_3en60")]
transform = Transform3D(1, 0, 0, 0, 1, 0, 0, 0, 1, 453.057, 148.652, 221.834)

[node name="Container_02_Closed27" parent="AddedAssets" instance=ExtResource("21_3en60")]
transform = Transform3D(-4.37114e-08, 0, 1, 0, 1, 0, -1, 0, -4.37114e-08, 445.841, 151.226, 228.947)

[node name="Container_02_Closed28" parent="AddedAssets" instance=ExtResource("21_3en60")]
transform = Transform3D(1, 0, 0, 0, 1, 0, 0, 0, 1, 453.057, 151.226, 221.834)

[node name="BarrierStoneBlock_01_A3" parent="AddedAssets" instance=ExtResource("20_wqa8p")]
transform = Transform3D(1, 0, 0, 0, 1, 0, 0, 0, 1, 476.329, 154.292, 279.213)

[node name="GuardTower_House_01" parent="AddedAssets" instance=ExtResource("10_77pa2")]
transform = Transform3D(1, 0, 0, 0, 1, 0, 0, 0, 1, 457.912, 151.321, 143.176)

[node name="SandBags_01_256x180" parent="AddedAssets" instance=ExtResource("11_s6r3t")]
transform = Transform3D(1, 0, 0, 0, 1, 0, 0, 0, 1, 450.187, 151.149, 153.275)

[node name="SandBags_01_256x181" parent="AddedAssets" instance=ExtResource("11_s6r3t")]
transform = Transform3D(1, 0, 0, 0, 1, 0, 0, 0, 1, 452.638, 151.149, 153.275)

[node name="SandBags_01_256x182" parent="AddedAssets" instance=ExtResource("11_s6r3t")]
transform = Transform3D(1, 0, 0, 0, 1, 0, 0, 0, 1, 455.139, 151.149, 153.275)
