[gd_scene load_steps=21 format=3 uid="uid://raa4p0kymlo1"]

[ext_resource type="PackedScene" path="res://objects/Gameplay/Common/HQ_PlayerSpawner.tscn" id="1_1eta3"]
[ext_resource type="PackedScene" uid="uid://jv31so3xcr7p" path="res://addons/bf_portal/portal_tools/types/PolygonVolume/PolygonVolume.tscn" id="2_tua1e"]
[ext_resource type="PackedScene" path="res://objects/entities/SpawnPoint.tscn" id="3_vmg8p"]
[ext_resource type="PackedScene" path="res://objects/props/FlagPole_01_USA.tscn" id="4_wb4ml"]
[ext_resource type="PackedScene" path="res://objects/Gameplay/Common/InteractPoint.tscn" id="5_x4ujp"]
[ext_resource type="Script" uid="uid://3hvpbglts2bi" path="res://scripts/gameplay/common/WorldIcon.gd" id="6_tlvm2"]
[ext_resource type="PackedScene" path="res://objects/Gameplay/Common/WorldIcon.tscn" id="7_fsjny"]
[ext_resource type="PackedScene" path="res://objects/props/BarrierStoneBlock_01_H.tscn" id="8_s836q"]
[ext_resource type="PackedScene" path="res://objects/Gameplay/Common/CombatArea.tscn" id="9_2lax7"]
[ext_resource type="PackedScene" path="res://objects/Gameplay/Common/DeployCam.tscn" id="10_wrod1"]
[ext_resource type="PackedScene" path="res://static/MP_Tungsten_Terrain.tscn" id="11_1c4jq"]
[ext_resource type="PackedScene" path="res://static/MP_Tungsten_Assets.tscn" id="12_2t0ty"]
[ext_resource type="PackedScene" path="res://objects/entities/CapturePoint.tscn" id="13_ywavi"]
[ext_resource type="PackedScene" path="res://objects/props/BarrierStoneBlock_01_E.tscn" id="14_10oxp"]
[ext_resource type="PackedScene" path="res://objects/architecture/HouseRuralSmall_02.tscn" id="15_7o7t1"]
[ext_resource type="PackedScene" path="res://objects/architecture/RuinHouseCollapsedWallDebris_01_B.tscn" id="16_jpdqx"]
[ext_resource type="PackedScene" path="res://objects/nature/RockLarge_06_B.tscn" id="16_tua1e"]
[ext_resource type="PackedScene" path="res://objects/Gameplay/Common/Sector.tscn" id="17_hg12s"]
[ext_resource type="PackedScene" path="res://objects/gameplay/common/AreaTrigger.tscn" id="18_1gnir"]
[ext_resource type="PackedScene" path="res://objects/props/BarrierStoneBlock_01_F.tscn" id="19_04dd1"]

[node name="MP_Tungsten" type="Node3D"]

[node name="TEAM_1_HQ" parent="." node_paths=PackedStringArray("HQArea", "InfantrySpawns") instance=ExtResource("1_1eta3")]
transform = Transform3D(1, 0, 0, 0, 1, 0, 0, 0, 1, 187.094, 93.656, -420.434)
AltTeam = 0
ObjId = 101
HQArea = NodePath("HQ_Team1")
InfantrySpawns = [NodePath("SpawnPoint_1_1"), NodePath("SpawnPoint_1_2"), NodePath("SpawnPoint_1_3"), NodePath("SpawnPoint_1_4")]

[node name="HQ_Team1" parent="TEAM_1_HQ" instance=ExtResource("2_tua1e")]
transform = Transform3D(1, 0, 0, 0, 1, 0, 0, 0, 1, 13.8013, 0, 14.5812)
points = PackedVector2Array(14.401, 6.75938, 26.9224, -60.0581, -20.4384, -59.5164, -35.2686, -25.3676, -11.9958, 65.986, 26.3794, 72.1968)

[node name="SpawnPoint_1_1" parent="TEAM_1_HQ" instance=ExtResource("3_vmg8p")]
transform = Transform3D(0.802839, 0, 0.596197, 0, 1, 0, -0.596197, 0, 0.802839, -8.70369, -1.1572, -25.373)

[node name="SpawnPoint_1_2" parent="TEAM_1_HQ" instance=ExtResource("3_vmg8p")]
transform = Transform3D(0.839611, 0, 0.543189, 0, 1, 0, -0.543189, 0, 0.839611, 9.37976, 0.177002, 12.492)

[node name="SpawnPoint_1_3" parent="TEAM_1_HQ" instance=ExtResource("3_vmg8p")]
transform = Transform3D(-0.0428871, 0, 0.99908, 0, 1, 0, -0.99908, 0, -0.0428871, -5.40414, 0.54203, 7.48669)

[node name="SpawnPoint_1_4" parent="TEAM_1_HQ" instance=ExtResource("3_vmg8p")]
transform = Transform3D(-0.687024, 0, 0.726634, 0, 1, 0, -0.726634, 0, -0.687024, 1.09125, -0.179382, 3.92313)

[node name="InteractArea" parent="TEAM_1_HQ" instance=ExtResource("4_wb4ml")]
transform = Transform3D(-0.0760751, 0, 0.997102, 0, 1, 0, -0.997102, 0, -0.0760751, -7.32184, -1.60943, -3.96909)

[node name="InteractPointChangeTeam" parent="TEAM_1_HQ/InteractArea" instance=ExtResource("5_x4ujp")]
transform = Transform3D(1, 0, 0, 0, 1, 0, 0, 0, 1, 3, 0.851791, -1.52588e-05)
ObjId = 2001

[node name="WorldIcon" type="Node3D" parent="TEAM_1_HQ/InteractArea/InteractPointChangeTeam"]
script = ExtResource("6_tlvm2")
ObjId = 5001
iconTextVisible = true
iconColor = [0.0, 1.0, 0.0]
iconImagePicker = 6
iconImageVisible = true
iconTeamOwnerId = 1

[node name="InteractPointReady" parent="TEAM_1_HQ/InteractArea" instance=ExtResource("5_x4ujp")]
transform = Transform3D(-4.47035e-08, 0, 1, 0, 1, 0, -1, 0, -4.47035e-08, -3, 1.64793, -1.52588e-05)
ObjId = 2002

[node name="WorldIcon" type="Node3D" parent="TEAM_1_HQ/InteractArea/InteractPointReady"]
script = ExtResource("6_tlvm2")
ObjId = 5002
iconTextVisible = true
iconColor = [0.0, 0.5, 1.0]
iconImagePicker = 7
iconImageVisible = true
iconTeamOwnerId = 1

[node name="InteractPointSpectate" parent="TEAM_1_HQ/InteractArea" instance=ExtResource("5_x4ujp")]
transform = Transform3D(0.971147, 0, 0.238483, 0, 1, 0, -0.238483, 0, 0.971147, -11.9549, 3.23827, -10.955)
ObjId = 6001

[node name="WorldIcon" parent="TEAM_1_HQ/InteractArea" instance=ExtResource("7_fsjny")]
transform = Transform3D(1, 0, 0, 0, 1, 0, 0, 0, 1, 0, 2, 0)
ObjId = 5011
iconTextVisible = true
iconColor = [0.0, 0.0, 1.0]
iconImagePicker = 7
iconTeamOwnerId = 1

[node name="BarrierStoneBlock_01_H" parent="TEAM_1_HQ" instance=ExtResource("8_s836q")]
transform = Transform3D(0.882825, 0, -0.469703, 0, 1, 0, 0.469703, 0, 0.882825, 11.5632, -0.561951, 15.802)

[node name="BarrierStoneBlock_01_H4" parent="TEAM_1_HQ" instance=ExtResource("8_s836q")]
transform = Transform3D(0.996498, 0, 0.0836256, 0, 1, 0, -0.0836256, 0, 0.996498, 19.5569, -1.83232, 25.206)

[node name="BarrierStoneBlock_01_H2" parent="TEAM_1_HQ" instance=ExtResource("8_s836q")]
transform = Transform3D(0.936004, 0, 0.351989, 0, 1, 0, -0.351989, 0, 0.936004, -5.15135, -2.14281, -21.667)

[node name="BarrierStoneBlock_01_H3" parent="TEAM_1_HQ" instance=ExtResource("8_s836q")]
transform = Transform3D(0.936004, 0, 0.351989, 0, 1, 0, -0.351989, 0, 0.936004, -7.16521, -2.14281, -26.4111)

[node name="TEAM_2_HQ" parent="." node_paths=PackedStringArray("HQArea", "InfantrySpawns") instance=ExtResource("1_1eta3")]
transform = Transform3D(1, 0, 0, 0, 1, 0, 0, 0, 1, 412.705, 89.2016, -461.064)
Team = 2
AltTeam = 0
ObjId = 102
HQArea = NodePath("HQ_Team2")
InfantrySpawns = [NodePath("SpawnPoint_2_1"), NodePath("SpawnPoint_2_2"), NodePath("SpawnPoint_2_3"), NodePath("SpawnPoint_2_4")]

[node name="InteractArea" parent="TEAM_2_HQ" instance=ExtResource("4_wb4ml")]
transform = Transform3D(0.299524, 0, 0.954089, 0, 1, 0, -0.954089, 0, 0.299524, -0.0703735, -0.617935, 0)

[node name="InteractPointChangeTeam" parent="TEAM_2_HQ/InteractArea" instance=ExtResource("5_x4ujp")]
transform = Transform3D(1, 0, 0, 0, 1, 0, 0, 0, 1, -3, 1.18847, 0)
ObjId = 2003

[node name="WorldIcon" type="Node3D" parent="TEAM_2_HQ/InteractArea/InteractPointChangeTeam"]
script = ExtResource("6_tlvm2")
ObjId = 5003
iconTextVisible = true
iconColor = [0.0, 1.0, 0.0]
iconImagePicker = 6
iconImageVisible = true
iconTeamOwnerId = 2

[node name="InteractPointReady" parent="TEAM_2_HQ/InteractArea" instance=ExtResource("5_x4ujp")]
transform = Transform3D(-2.98023e-08, 0, 1, 0, 1, 0, -1, 0, -2.98023e-08, 3.00006, 1.20769, -1.52588e-05)
ObjId = 2004

[node name="WorldIcon" type="Node3D" parent="TEAM_2_HQ/InteractArea/InteractPointReady"]
script = ExtResource("6_tlvm2")
ObjId = 5004
iconTextVisible = true
iconColor = [0.0, 0.5, 1.0]
iconImagePicker = 7
iconImageVisible = true
iconTeamOwnerId = 2

[node name="WorldIcon" parent="TEAM_2_HQ/InteractArea" instance=ExtResource("7_fsjny")]
transform = Transform3D(1, 0, 0, 0, 1, 0, 0, 0, 1, 0, 2, 0)
ObjId = 5012
iconTextVisible = true
iconColor = [0.0, 0.0, 1.0]
iconImagePicker = 7
iconTeamOwnerId = 2

[node name="HQ_Team2" parent="TEAM_2_HQ" instance=ExtResource("2_tua1e")]
transform = Transform3D(1, 0, 0, 0, 1, 0, 0, 0, 1, -31.7896, 0, -1.78888)
points = PackedVector2Array(58.2473, -19.106, -19.0512, -67.2819, -34.6594, 3.40553, -56.3035, 48.4748, 51.7666, 34.5076)

[node name="SpawnPoint_2_1" parent="TEAM_2_HQ" instance=ExtResource("3_vmg8p")]
transform = Transform3D(0.754539, 0, 0.656257, 0, 1, 0, -0.656257, 0, 0.754539, -22.8844, -5.35899, 15.7327)

[node name="SpawnPoint_2_2" parent="TEAM_2_HQ" instance=ExtResource("3_vmg8p")]
transform = Transform3D(-0.997604, 0, 0.0691822, 0, 1, 0, -0.0691822, 0, -0.997604, -4.84976, 0.413742, -1.20032)

[node name="SpawnPoint_2_3" parent="TEAM_2_HQ" instance=ExtResource("3_vmg8p")]
transform = Transform3D(0.928109, 0, -0.372308, 0, 1, 0, 0.372308, 0, 0.928109, -30.283, -5.0519, 11.8188)

[node name="SpawnPoint_2_4" parent="TEAM_2_HQ" instance=ExtResource("3_vmg8p")]
transform = Transform3D(-0.720176, 0, -0.693791, 0, 1, 0, 0.693791, 0, -0.720176, -23.495, -5.3877, 13.5162)

[node name="CombatArea" parent="." node_paths=PackedStringArray("CombatVolume") instance=ExtResource("9_2lax7")]
CombatVolume = NodePath("CombatVolume")

[node name="CombatVolume" parent="CombatArea" instance=ExtResource("2_tua1e")]
transform = Transform3D(1, 0, 0, 0, 1, 0, 0, 0, 1, 283.707, 93.1436, -421.01)
points = PackedVector2Array(-68.4079, 21.9039, -56.4322, 87.3556, 3.53931, 79.2003, 40.9177, 6.61627, 62.6892, -38.7961, 78.1573, -109.117, 7.41928, -115.061, -55.9192, -44.8794)

[node name="Camera3D" type="Camera3D" parent="."]
transform = Transform3D(1, 0, 0, 0, 0.101056, 0.994881, 0, -0.994881, 0.101056, -15.5236, 408.54, -265.293)

[node name="DeployCam" parent="Camera3D" instance=ExtResource("10_wrod1")]
transform = Transform3D(1, 0, 0, 0, -4.37114e-08, 1, 0, -1, -4.37114e-08, 304.306, 200, -17.622)

[node name="Static" type="Node3D" parent="."]

[node name="MP_Tungsten_Terrain" parent="Static" instance=ExtResource("11_1c4jq")]
metadata/_edit_lock_ = true

[node name="MP_Tungsten_Assets" parent="Static" instance=ExtResource("12_2t0ty")]
metadata/_edit_lock_ = true

[node name="CapturePointA" parent="." node_paths=PackedStringArray("CaptureArea", "InfantrySpawnPoints_Team1", "InfantrySpawnPoints_Team2") instance=ExtResource("13_ywavi")]
transform = Transform3D(1, 0, 0, 0, 1, 0, 0, 0, 1, 249.544, 87.5535, -376.84)
ObjId = 201
CaptureArea = NodePath("CaptureArea")
InfantrySpawnPoints_Team1 = [NodePath("Team1/SpawnPoint"), NodePath("Team1/SpawnPoint2"), NodePath("Team1/SpawnPoint3"), NodePath("Team1/SpawnPoint4"), NodePath("Team1/SpawnPoint5")]
InfantrySpawnPoints_Team2 = [NodePath("Team2/SpawnPoint"), NodePath("Team2/SpawnPoint2"), NodePath("Team2/SpawnPoint3"), NodePath("Team2/SpawnPoint4"), NodePath("Team2/SpawnPoint5")]

[node name="CaptureArea" parent="CapturePointA" instance=ExtResource("2_tua1e")]
transform = Transform3D(1, 0, 0, 0, 1, 0, 0, 0, 1, 5.08673, -0.769157, 1.99835)
points = PackedVector2Array(-5.19452, -8.70889, -11.1942, 1.2612, 2.577, 9.27365, 7.42257, 0.583444, 6.38917, -2.40942)
height = 3.0

[node name="Team1" type="Node3D" parent="CapturePointA"]

[node name="SpawnPoint" parent="CapturePointA/Team1" instance=ExtResource("3_vmg8p")]
transform = Transform3D(-0.661076, 0, 0.750319, 0, 1, 0, -0.750319, 0, -0.661076, -40.6824, 8.11267, 7.52835)

[node name="SpawnPoint2" parent="CapturePointA/Team1" instance=ExtResource("3_vmg8p")]
transform = Transform3D(-0.722931, 0, 0.69092, 0, 1, 0, -0.69092, 0, -0.722931, 27.8221, -3.0528, 38.2184)

[node name="SpawnPoint3" parent="CapturePointA/Team1" instance=ExtResource("3_vmg8p")]
transform = Transform3D(1, 0, 0, 0, 1, 0, 0, 0, 1, -23.1254, 1.98895, -37.5156)

[node name="SpawnPoint4" parent="CapturePointA/Team1" instance=ExtResource("3_vmg8p")]
transform = Transform3D(1, 0, 0, 0, 1, 0, 0, 0, 1, -12.3953, 1.83205, -30.2636)

[node name="SpawnPoint5" parent="CapturePointA/Team1" instance=ExtResource("3_vmg8p")]
transform = Transform3D(-0.852886, 0, 0.522097, 0, 1, 0, -0.522097, 0, -0.852886, -7.78145, 0.887474, 33.0389)

[node name="Team2" type="Node3D" parent="CapturePointA"]

[node name="SpawnPoint" parent="CapturePointA/Team2" instance=ExtResource("3_vmg8p")]
transform = Transform3D(-0.709681, 0, -0.704523, 0, 1, 0, 0.704523, 0, -0.709681, 30.3622, -2.07374, 29.0206)

[node name="SpawnPoint2" parent="CapturePointA/Team2" instance=ExtResource("3_vmg8p")]
transform = Transform3D(-0.283228, 0, -0.959052, 0, 1, 0, 0.959052, 0, -0.283228, 45.1998, -2.14978, 13.7194)

[node name="SpawnPoint3" parent="CapturePointA/Team2" instance=ExtResource("3_vmg8p")]
transform = Transform3D(-0.933531, 0, 0.358498, 0, 1, 0, -0.358498, 0, -0.933531, 40.4455, -3.4554, 9.81689)

[node name="SpawnPoint4" parent="CapturePointA/Team2" instance=ExtResource("3_vmg8p")]
transform = Transform3D(-0.991076, 0, -0.133294, 0, 1, 0, 0.133294, 0, -0.991076, 19.9911, -3.08708, 35.5133)

[node name="SpawnPoint5" parent="CapturePointA/Team2" instance=ExtResource("3_vmg8p")]
transform = Transform3D(0.437179, 0, -0.899375, 0, 1, 0, 0.899375, 0, 0.437179, 53.0871, -4.35501, -17.4068)

[node name="BarrierStoneBlock_01_E" parent="CapturePointA/Team2" instance=ExtResource("14_10oxp")]
transform = Transform3D(0.895004, 0, -0.446057, 0, 1, 0, 0.446057, 0, 0.895004, 17.9562, -3.14975, 32.8975)

[node name="CapturePointB" parent="." node_paths=PackedStringArray("CaptureArea", "InfantrySpawnPoints_Team1", "InfantrySpawnPoints_Team2") instance=ExtResource("13_ywavi")]
transform = Transform3D(1, 0, 0, 0, 1, 0, 0, 0, 1, 290.398, 87.4138, -443.194)
ObjId = 202
CaptureArea = NodePath("CaptureArea")
InfantrySpawnPoints_Team1 = [NodePath("Team1/SpawnPoint"), NodePath("Team1/SpawnPoint2"), NodePath("Team1/SpawnPoint3"), NodePath("Team1/SpawnPoint4"), NodePath("Team1/SpawnPoint5")]
InfantrySpawnPoints_Team2 = [NodePath("Team2/SpawnPoint"), NodePath("Team2/SpawnPoint2"), NodePath("Team2/SpawnPoint3"), NodePath("Team2/SpawnPoint4"), NodePath("Team2/SpawnPoint5")]

[node name="CaptureArea" parent="CapturePointB" instance=ExtResource("2_tua1e")]
transform = Transform3D(1, 0, 0, 0, 1, 0, 0, 0, 1, 0, -1.20394, 3.58722)
points = PackedVector2Array(-12.6332, -14.9009, -4.43912, 4.25366, 6.90659, -0.543732, -1.18246, -18.998)
height = 3.0

[node name="Team1" type="Node3D" parent="CapturePointB"]

[node name="SpawnPoint" parent="CapturePointB/Team1" instance=ExtResource("3_vmg8p")]
transform = Transform3D(0.067371, 0, 0.997728, 0, 1, 0, -0.997728, 0, 0.067371, -44.1465, -0.654137, 15.6691)

[node name="SpawnPoint2" parent="CapturePointB/Team1" instance=ExtResource("3_vmg8p")]
transform = Transform3D(0.767792, 0, 0.6407, 0, 1, 0, -0.6407, 0, 0.767792, -56.1971, -0.309021, -16.4603)

[node name="SpawnPoint3" parent="CapturePointB/Team1" instance=ExtResource("3_vmg8p")]
transform = Transform3D(1, 0, 0, 0, 1, 0, 0, 0, 1, -32.8977, -1.69746, -37.7263)

[node name="SpawnPoint4" parent="CapturePointB/Team1" instance=ExtResource("3_vmg8p")]
transform = Transform3D(0.812908, 0, -0.582393, 0, 1, 0, 0.582393, 0, 0.812908, -34.6844, -0.775452, -13.8169)

[node name="SpawnPoint5" parent="CapturePointB/Team1" instance=ExtResource("3_vmg8p")]
transform = Transform3D(-0.705625, 0, 0.708587, 0, 1, 0, -0.708587, 0, -0.705625, -19.6744, -0.448166, 35.5591)

[node name="Team2" type="Node3D" parent="CapturePointB"]

[node name="SpawnPoint" parent="CapturePointB/Team2" instance=ExtResource("3_vmg8p")]
transform = Transform3D(-0.935826, 0, -0.352462, 0, 1, 0, 0.352462, 0, -0.935826, 37.6029, -3.98128, -15.0691)

[node name="SpawnPoint2" parent="CapturePointB/Team2" instance=ExtResource("3_vmg8p")]
transform = Transform3D(1, 0, 0, 0, 1, 0, 0, 0, 1, 26.0128, -3.86248, -46.8805)

[node name="SpawnPoint3" parent="CapturePointB/Team2" instance=ExtResource("3_vmg8p")]
transform = Transform3D(0.463342, 0, -0.88618, 0, 1, 0, 0.88618, 0, 0.463342, 19.7522, -1.97673, 28.2724)

[node name="SpawnPoint4" parent="CapturePointB/Team2" instance=ExtResource("3_vmg8p")]
transform = Transform3D(0.827669, 0, -0.561217, 0, 1, 0, 0.561217, 0, 0.827669, -12.7414, -2.93945, -44.2291)

[node name="SpawnPoint5" parent="CapturePointB/Team2" instance=ExtResource("3_vmg8p")]
transform = Transform3D(-0.884483, 0, -0.466572, 0, 1, 0, 0.466572, 0, -0.884483, 28.329, -3.78417, 23.2708)

[node name="CapturePointC" parent="." node_paths=PackedStringArray("CaptureArea", "InfantrySpawnPoints_Team1", "InfantrySpawnPoints_Team2") instance=ExtResource("13_ywavi")]
transform = Transform3D(1, 0, 0, 0, 1, 0, 0, 0, 1, 328.55, 83.9386, -506.408)
ObjId = 203
CaptureArea = NodePath("CaptureArea")
InfantrySpawnPoints_Team1 = [NodePath("Team1/SpawnPoint"), NodePath("Team1/SpawnPoint2"), NodePath("Team1/SpawnPoint3"), NodePath("Team1/SpawnPoint4"), NodePath("Team1/SpawnPoint5")]
InfantrySpawnPoints_Team2 = [NodePath("Team2/SpawnPoint"), NodePath("Team2/SpawnPoint2"), NodePath("Team2/SpawnPoint3"), NodePath("Team2/SpawnPoint4"), NodePath("Team2/SpawnPoint5")]

[node name="CaptureArea" parent="CapturePointC" instance=ExtResource("2_tua1e")]
transform = Transform3D(1, 0, 0, 0, 1, 0, 0, 0, 1, 0, -1.47602, 0)
points = PackedVector2Array(-14.0822, -4.16922, 0.562927, 11.648, 8.59863, 3.52469, -4.35504, -11.9881)
height = 6.0

[node name="Team1" type="Node3D" parent="CapturePointC"]

[node name="SpawnPoint" parent="CapturePointC/Team1" instance=ExtResource("3_vmg8p")]
transform = Transform3D(0.0827387, 0, 0.996571, 0, 1, 0, -0.996571, 0, 0.0827387, -25.9017, 0.238052, -22.5908)

[node name="SpawnPoint2" parent="CapturePointC/Team1" instance=ExtResource("3_vmg8p")]
transform = Transform3D(-0.898081, 0, 0.43983, 0, 1, 0, -0.43983, 0, -0.898081, -33.8575, 0.0911179, -26.9535)

[node name="SpawnPoint3" parent="CapturePointC/Team1" instance=ExtResource("3_vmg8p")]
transform = Transform3D(0.780768, 0, 0.62482, 0, 1, 0, -0.62482, 0, 0.780768, -28.378, -0.504333, 4.47778)

[node name="SpawnPoint4" parent="CapturePointC/Team1" instance=ExtResource("3_vmg8p")]
transform = Transform3D(-0.728239, 0, 0.685322, 0, 1, 0, -0.685322, 0, -0.728239, -46.747, -0.282532, -7.90811)

[node name="SpawnPoint5" parent="CapturePointC/Team1" instance=ExtResource("3_vmg8p")]
transform = Transform3D(0.975247, 0, -0.221122, 0, 1, 0, 0.221122, 0, 0.975247, -37.5063, -0.369469, -23.5382)

[node name="HouseRuralSmall_02" parent="CapturePointC/Team1" instance=ExtResource("15_7o7t1")]
transform = Transform3D(1, 0, 0, 0, 1, 0, 0, 0, 1, -36.3007, 0.192894, -18.5265)

[node name="BarrierStoneBlock_01_E" parent="CapturePointC/Team1" instance=ExtResource("14_10oxp")]
transform = Transform3D(1, 0, 0, 0, 1, 0, 0, 0, 1, -31.9264, 0.166405, -27.075)

[node name="RockLarge_06_B" parent="CapturePointC/Team1" instance=ExtResource("16_tua1e")]
transform = Transform3D(1, 0, 0, 0, 1, 0, 0, 0, 1, -41.9003, -0.631233, -7.51425)

[node name="Team2" type="Node3D" parent="CapturePointC"]

[node name="SpawnPoint" parent="CapturePointC/Team2" instance=ExtResource("3_vmg8p")]
transform = Transform3D(0.383183, 0, -0.923672, 0, 1, 0, 0.923672, 0, 0.383183, 28.6667, -1.04209, 31.5522)

[node name="SpawnPoint2" parent="CapturePointC/Team2" instance=ExtResource("3_vmg8p")]
transform = Transform3D(0.336915, 0, -0.941535, 0, 1, 0, 0.941535, 0, 0.336915, 34.7489, 8.03398, -17.8142)

[node name="SpawnPoint3" parent="CapturePointC/Team2" instance=ExtResource("3_vmg8p")]
transform = Transform3D(-0.0817648, 0, 0.996652, 0, 1, 0, -0.996652, 0, -0.0817648, 19.3263, -0.709862, 31.2908)

[node name="SpawnPoint4" parent="CapturePointC/Team2" instance=ExtResource("3_vmg8p")]
transform = Transform3D(-0.83598, 0, -0.54876, 0, 1, 0, 0.54876, 0, -0.83598, 40.8711, 0.877098, 17.0639)

[node name="SpawnPoint5" parent="CapturePointC/Team2" instance=ExtResource("3_vmg8p")]
transform = Transform3D(0.924705, 0, -0.380683, 0, 1, 0, 0.380683, 0, 0.924705, 45.8348, -0.306664, 18.213)

[node name="RuinHouseCollapsedWallDebris_01_B" parent="CapturePointC/Team2" instance=ExtResource("16_jpdqx")]
transform = Transform3D(1, 0, 0, 0, 1, 0, 0, 0, 1, 31.2768, 8.10964, -13.5734)

[node name="RuinHouseCollapsedWallDebris_01_B2" parent="CapturePointC/Team2" instance=ExtResource("16_jpdqx")]
transform = Transform3D(1, 0, 0, 0, 1, 0, 0, 0, 1, 31.2768, 7.87286, -15.6716)

[node name="RuinHouseCollapsedWallDebris_01_B3" parent="CapturePointC/Team2" instance=ExtResource("16_jpdqx")]
transform = Transform3D(1, 0, 0, 0, 1, 0, 0, 0, 1, 31.2768, 8.53598, -15.6716)

[node name="BarrierStoneBlock_01_E" parent="CapturePointC" instance=ExtResource("14_10oxp")]
transform = Transform3D(0.751989, 0, 0.659175, 0, 1, 0, -0.659175, 0, 0.751989, 4.13205, -1.07267, -2.55078)

[node name="BarrierStoneBlock_01_E2" parent="CapturePointC" instance=ExtResource("14_10oxp")]
transform = Transform3D(0.783357, 0, 0.621572, 0, 1, 0, -0.621572, 0, 0.783357, -6.91934, -1.07267, 2.82031)

[node name="Sector" parent="." node_paths=PackedStringArray("SectorArea", "CapturePoints") instance=ExtResource("17_hg12s")]
SectorArea = NodePath("../CombatArea/CombatVolume")
CapturePoints = [NodePath("../CapturePointA"), NodePath("../CapturePointB"), NodePath("../CapturePointC")]

[node name="BarrierStoneBlock_01_F" parent="." instance=ExtResource("19_04dd1")]
transform = Transform3D(-0.0110826, 0, 0.999939, 0, 1, 0, -0.999939, 0, -0.0110826, 270.467, 87.015, -457.725)

[node name="BarrierStoneBlock_01_F2" parent="." instance=ExtResource("19_04dd1")]
transform = Transform3D(0.0241879, 0, 0.999707, 0, 1, 0, -0.999707, 0, 0.0241879, 269.351, 90.7341, -450.539)

[node name="BarrierStoneBlock_01_F3" parent="." instance=ExtResource("19_04dd1")]
transform = Transform3D(0.0241879, 0, 0.999707, 0, 1, 0, -0.999707, 0, 0.0241879, 264.695, 90.7341, -450.539)

[node name="BarrierStoneBlock_01_F4" parent="." instance=ExtResource("19_04dd1")]
transform = Transform3D(0.0241879, 0, 0.999707, 0, 1, 0, -0.999707, 0, 0.0241879, 260.999, 90.7341, -450.539)

[node name="BarrierStoneBlock_01_F5" parent="." instance=ExtResource("19_04dd1")]
transform = Transform3D(0.0241879, 0, 0.999707, 0, 1, 0, -0.999707, 0, 0.0241879, 258.395, 90.7341, -450.539)

[node name="BarrierStoneBlock_01_E" parent="." instance=ExtResource("14_10oxp")]
transform = Transform3D(-0.188838, 0, 0.982008, 0, 1, 0, -0.982008, 0, -0.188838, 276.954, 84.1945, -340.031)

[node name="BarrierStoneBlock_01_H64" parent="." instance=ExtResource("8_s836q")]
transform = Transform3D(0.00612611, 0, -0.999981, 0, 1, 0, 0.999981, 0, 0.00612611, 238.526, 86.627, -452.222)

[node name="BarrierStoneBlock_01_H65" parent="." instance=ExtResource("8_s836q")]
transform = Transform3D(0.00612611, 0, -0.999981, 0, 1, 0, 0.999981, 0, 0.00612611, 233.274, 86.627, -452.222)

[node name="BarrierStoneBlock_01_H66" parent="." instance=ExtResource("8_s836q")]
transform = Transform3D(0.00612611, 0, -0.999981, 0, 1, 0, 0.999981, 0, 0.00612611, 231.219, 86.627, -452.222)

[node name="BarrierStoneBlock_01_E2" parent="." instance=ExtResource("14_10oxp")]
transform = Transform3D(0.445057, 0, 0.895502, 0, 1, 0, -0.895502, 0, 0.445057, 243.417, 89.0506, -347.618)

[node name="BarrierStoneBlock_01_E3" parent="." instance=ExtResource("14_10oxp")]
transform = Transform3D(-0.839184, 0, 0.543848, 0, 1, 0, -0.543848, 0, -0.839184, 250.806, 87.3855, -378.914)

[node name="BarrierStoneBlock_01_H55" parent="." instance=ExtResource("8_s836q")]
transform = Transform3D(0.297691, 0, -0.954662, 0, 1, 0, 0.954662, 0, 0.297691, 303.227, 84.3841, -422.988)

[node name="BarrierStoneBlock_01_H58" parent="." instance=ExtResource("8_s836q")]
transform = Transform3D(0.962156, 0, 0.272499, 0, 1, 0, -0.272499, 0, 0.962156, 302.579, 84.3841, -418.542)

[node name="BarrierStoneBlock_01_H56" parent="." instance=ExtResource("8_s836q")]
transform = Transform3D(0.297691, 0, -0.954662, 0, 1, 0, 0.954662, 0, 0.297691, 308.476, 84.3841, -423.842)

[node name="BarrierStoneBlock_01_H57" parent="." instance=ExtResource("8_s836q")]
transform = Transform3D(0.297691, 0, -0.954662, 0, 1, 0, 0.954662, 0, 0.297691, 310.402, 84.3841, -424.805)

[node name="BarrierStoneBlock_01_E4" parent="." instance=ExtResource("14_10oxp")]
transform = Transform3D(-0.839184, 0, 0.543848, 0, 1, 0, -0.543848, 0, -0.839184, 246.288, 87.3855, -378.914)

[node name="BarrierStoneBlock_01_E11" parent="." instance=ExtResource("14_10oxp")]
transform = Transform3D(-0.839184, 0, 0.543848, 0, 1, 0, -0.543848, 0, -0.839184, 254.148, 87.3855, -375.616)

[node name="BarrierStoneBlock_01_E12" parent="." instance=ExtResource("14_10oxp")]
transform = Transform3D(-0.441959, 0, -0.897035, 0, 1, 0, 0.897035, 0, -0.441959, 251.376, 87.3855, -377.697)

[node name="BarrierStoneBlock_01_E7" parent="." instance=ExtResource("14_10oxp")]
transform = Transform3D(-0.839184, 0, 0.543848, 0, 1, 0, -0.543848, 0, -0.839184, 244.926, 87.3855, -376.896)

[node name="BarrierStoneBlock_01_E9" parent="." instance=ExtResource("14_10oxp")]
transform = Transform3D(-0.839184, 0, 0.543848, 0, 1, 0, -0.543848, 0, -0.839184, 243.641, 87.3855, -374.918)

[node name="BarrierStoneBlock_01_E10" parent="." instance=ExtResource("14_10oxp")]
transform = Transform3D(-0.839184, 0, 0.543848, 0, 1, 0, -0.543848, 0, -0.839184, 242.997, 87.3855, -373.708)

[node name="BarrierStoneBlock_01_E5" parent="." instance=ExtResource("14_10oxp")]
transform = Transform3D(-0.4416, 0, -0.897212, 0, 1, 0, 0.897212, 0, -0.4416, 246.288, 87.3855, -371.48)

[node name="BarrierStoneBlock_01_E8" parent="." instance=ExtResource("14_10oxp")]
transform = Transform3D(-0.4416, 0, -0.897212, 0, 1, 0, 0.897212, 0, -0.4416, 244.071, 87.3855, -372.642)

[node name="BarrierStoneBlock_01_E6" parent="." instance=ExtResource("14_10oxp")]
transform = Transform3D(0.431031, 0, -0.902337, 0, 1, 0, 0.902337, 0, 0.431031, 294.239, 85.9336, -438.832)

[node name="BarrierStoneBlock_01_E16" parent="." instance=ExtResource("14_10oxp")]
transform = Transform3D(0.399245, 0, -0.916844, 0, 1, 0, 0.916844, 0, 0.399245, 291.912, 85.9336, -437.694)

[node name="BarrierStoneBlock_01_E13" parent="." instance=ExtResource("14_10oxp")]
transform = Transform3D(0.324644, 0, -0.945836, 0, 1, 0, 0.945836, 0, 0.324644, 296.302, 85.9336, -439.698)

[node name="BarrierStoneBlock_01_E14" parent="." instance=ExtResource("14_10oxp")]
transform = Transform3D(0.434587, 0, -0.90063, 0, 1, 0, 0.90063, 0, 0.434587, 287.424, 86.3144, -444.806)

[node name="BarrierStoneBlock_01_E15" parent="." instance=ExtResource("14_10oxp")]
transform = Transform3D(0.942087, 0, 0.33537, 0, 1, 0, -0.33537, 0, 0.942087, 284.693, 86.3144, -438.85)

[node name="AreaTrigger3" parent="." node_paths=PackedStringArray("Area") instance=ExtResource("18_1gnir")]
ObjId = 20001
Area = NodePath("../PolygonVolume")

[node name="PolygonVolume" parent="." instance=ExtResource("2_tua1e")]
transform = Transform3D(1, 0, 0, 0, 1, 0, 0, 0, 1, 249.425, 89.8431, -376.05)
points = PackedVector2Array(-0.664051, -9.54021, -8.4556, 4.18352, 0.75259, 9.76155, 8.36706, -4.40486)
height = 8.0

[node name="AreaTrigger4" parent="." node_paths=PackedStringArray("Area") instance=ExtResource("18_1gnir")]
ObjId = 20002
Area = NodePath("../PolygonVolume2")

[node name="PolygonVolume2" parent="." instance=ExtResource("2_tua1e")]
transform = Transform3D(1, 0, 0, 0, 1, 0, 0, 0, 1, 294.269, 89.7583, -443.614)
points = PackedVector2Array(-12.9606, -0.304749, -8.88776, 9.96591, 4.83597, 4.29935, 0.763123, -5.70569)
height = 8.0

[node name="AreaTrigger5" parent="." node_paths=PackedStringArray("Area") instance=ExtResource("18_1gnir")]
ObjId = 20003
Area = NodePath("../PolygonVolume3")

[node name="PolygonVolume3" parent="." instance=ExtResource("2_tua1e")]
transform = Transform3D(1, 0, 0, 0, 1, 0, 0, 0, 1, 274.481, 87.6887, -483.61)
points = PackedVector2Array(-7.32315, -5.23082, -7.21158, 5.20293, 7.29526, 4.97975, 7.23947, -4.95186)
height = 8.0

[node name="AreaTrigger6" parent="." node_paths=PackedStringArray("Area") instance=ExtResource("18_1gnir")]
ObjId = 20004
Area = NodePath("../PolygonVolume4")

[node name="PolygonVolume4" parent="." instance=ExtResource("2_tua1e")]
transform = Transform3D(1, 0, 0, 0, 1, 0, 0, 0, 1, 309.511, 87.2049, -482.704)
points = PackedVector2Array(-10.4065, 0.409698, -0.409714, 10.5704, 10.4065, -0.245819, 0.409714, -10.7343)
height = 8.0

[node name="AreaTrigger7" parent="." node_paths=PackedStringArray("Area") instance=ExtResource("18_1gnir")]
ObjId = 20005
Area = NodePath("../PolygonVolume5")

[node name="PolygonVolume5" parent="." instance=ExtResource("2_tua1e")]
transform = Transform3D(1, 0, 0, 0, 1, 0, 0, 0, 1, 287.215, 89.9986, -416.229)
points = PackedVector2Array(-8.04709, -4.15463, -2.7756, 9.12167, 7.2467, 5.34705, 1.73669, -7.77515)
height = 8.0

[node name="AreaTrigger8" parent="." node_paths=PackedStringArray("Area") instance=ExtResource("18_1gnir")]
ObjId = 20006
Area = NodePath("../PolygonVolume6")

[node name="PolygonVolume6" parent="." instance=ExtResource("2_tua1e")]
transform = Transform3D(1, 0, 0, 0, 1, 0, 0, 0, 1, 235.174, 92.9978, -408.799)
points = PackedVector2Array(-8.78578, 2.73336, 0.260315, 9.43658, 8.7207, -3.05875, -0.195236, -9.11118)
height = 8.0

[node name="AreaTrigger9" parent="." node_paths=PackedStringArray("Area") instance=ExtResource("18_1gnir")]
ObjId = 20007
Area = NodePath("../PolygonVolume7")

[node name="PolygonVolume7" parent="." instance=ExtResource("2_tua1e")]
transform = Transform3D(1, 0, 0, 0, 1, 0, 0, 0, 1, 308.132, 89.0086, -420.619)
points = PackedVector2Array(-8.79346, -3.22227, -5.42062, 7.619, 8.91391, 3.04158, 5.30017, -7.43831)
height = 8.0

[node name="AreaTrigger10" parent="." node_paths=PackedStringArray("Area") instance=ExtResource("18_1gnir")]
ObjId = 20008
Area = NodePath("../PolygonVolume8")

[node name="PolygonVolume8" parent="." instance=ExtResource("2_tua1e")]
transform = Transform3D(1, 0, 0, 0, 1, 0, 0, 0, 1, 234.943, 89.9537, -456.288)
points = PackedVector2Array(-7.19241, -5.08592, -7.2683, 5.16182, 7.30627, 5.01003, 7.15444, -5.08592)
height = 8.0

[node name="AreaTrigger11" parent="." node_paths=PackedStringArray("Area") instance=ExtResource("18_1gnir")]
ObjId = 20009
Area = NodePath("../PolygonVolume9")

[node name="PolygonVolume9" parent="." instance=ExtResource("2_tua1e")]
transform = Transform3D(1, 0, 0, 0, 1, 0, 0, 0, 1, 281.119, 88.6182, -348.83)
points = PackedVector2Array(-1.87616, -8.54976, -8.81232, -0.991714, 1.75375, 8.66762, 8.93472, 0.873856)
height = 8.0

[node name="AreaTrigger12" parent="." node_paths=PackedStringArray("Area") instance=ExtResource("18_1gnir")]
ObjId = 20010
Area = NodePath("../PolygonVolume10")

[node name="PolygonVolume10" parent="." instance=ExtResource("2_tua1e")]
transform = Transform3D(1, 0, 0, 0, 1, 0, 0, 0, 1, 352.981, 86.195, -477)
points = PackedVector2Array(2.90225, -7.50916, -7.84891, 1.65192, -1.26715, 9.94864, 9.7179, 0.261383)
height = 8.0

[node name="AreaTrigger13" parent="." node_paths=PackedStringArray("Area") instance=ExtResource("18_1gnir")]
ObjId = 20011
Area = NodePath("../PolygonVolume11")

[node name="PolygonVolume11" parent="." instance=ExtResource("2_tua1e")]
transform = Transform3D(1, 0, 0, 0, 1, 0, 0, 0, 1, 246.71, 90.6785, -435.914)
points = PackedVector2Array(-3.01402, -9.06909, -9.01503, 0.608215, 3.04105, 8.82581, 8.988, -0.364929)
height = 8.0

[node name="AreaTrigger14" parent="." node_paths=PackedStringArray("Area") instance=ExtResource("18_1gnir")]
ObjId = 20012
Area = NodePath("../PolygonVolume12")

[node name="PolygonVolume12" parent="." instance=ExtResource("2_tua1e")]
transform = Transform3D(1, 0, 0, 0, 1, 0, 0, 0, 1, 264.35, 89.9071, -455.527)
points = PackedVector2Array(-8.10229, -6.33732, -7.83002, 6.324, 8.00293, 6.3323, 7.92938, -6.31898)
height = 8.0

[node name="BarrierStoneBlock_01_H" parent="." instance=ExtResource("8_s836q")]
transform = Transform3D(1, 0, 0, 0, 1, 0, 0, 0, 1, 257.269, 86.3448, -452.498)

[node name="BarrierStoneBlock_01_H2" parent="." instance=ExtResource("8_s836q")]
transform = Transform3D(1, 0, 0, 0, 1, 0, 0, 0, 1, 257.216, 86.3448, -456.862)

[node name="BarrierStoneBlock_01_H3" parent="." instance=ExtResource("8_s836q")]
transform = Transform3D(1, 0, 0, 0, 1, 0, 0, 0, 1, 257.707, 86.3448, -459.966)

[node name="BarrierStoneBlock_01_H7" parent="." instance=ExtResource("8_s836q")]
transform = Transform3D(-4.37114e-08, 0, 1, 0, 1, 0, -1, 0, -4.37114e-08, 260.924, 86.3448, -461.931)

[node name="BarrierStoneBlock_01_H8" parent="." instance=ExtResource("8_s836q")]
transform = Transform3D(-4.37114e-08, 0, 1, 0, 1, 0, -1, 0, -4.37114e-08, 266.102, 86.3448, -461.931)

[node name="BarrierStoneBlock_01_H9" parent="." instance=ExtResource("8_s836q")]
transform = Transform3D(-4.37114e-08, 0, 1, 0, 1, 0, -1, 0, -4.37114e-08, 269.352, 86.3448, -461.931)

[node name="BarrierStoneBlock_01_H10" parent="." instance=ExtResource("8_s836q")]
transform = Transform3D(-4.37114e-08, 0, 1, 0, 1, 0, -1, 0, -4.37114e-08, 260.924, 86.3448, -450.405)

[node name="BarrierStoneBlock_01_H11" parent="." instance=ExtResource("8_s836q")]
transform = Transform3D(-4.37114e-08, 0, 1, 0, 1, 0, -1, 0, -4.37114e-08, 266.102, 86.3448, -450.405)

[node name="BarrierStoneBlock_01_H12" parent="." instance=ExtResource("8_s836q")]
transform = Transform3D(-4.37114e-08, 0, 1, 0, 1, 0, -1, 0, -4.37114e-08, 269.352, 86.3448, -450.378)

[node name="BarrierStoneBlock_01_H13" parent="." instance=ExtResource("8_s836q")]
transform = Transform3D(-4.37114e-08, 0, 1, 0, 1, 0, -1, 0, -4.37114e-08, 268.531, 84.671, -474.576)

[node name="BarrierStoneBlock_01_H14" parent="." instance=ExtResource("8_s836q")]
transform = Transform3D(-4.37114e-08, 0, 1, 0, 1, 0, -1, 0, -4.37114e-08, 273.709, 84.671, -474.576)

[node name="BarrierStoneBlock_01_H15" parent="." instance=ExtResource("8_s836q")]
transform = Transform3D(-4.37114e-08, 0, 1, 0, 1, 0, -1, 0, -4.37114e-08, 276.959, 84.1693, -474.576)

[node name="BarrierStoneBlock_01_H19" parent="." instance=ExtResource("8_s836q")]
transform = Transform3D(-4.37114e-08, 0, 1, 0, 1, 0, -1, 0, -4.37114e-08, 282.244, 83.9926, -474.576)

[node name="BarrierStoneBlock_01_H20" parent="." instance=ExtResource("8_s836q")]
transform = Transform3D(-4.37114e-08, 0, 1, 0, 1, 0, -1, 0, -4.37114e-08, 285.677, 83.9926, -474.576)

[node name="BarrierStoneBlock_01_H16" parent="." instance=ExtResource("8_s836q")]
transform = Transform3D(-4.37114e-08, 0, 1, 0, 1, 0, -1, 0, -4.37114e-08, 254.673, 84.7763, -474.576)

[node name="BarrierStoneBlock_01_H17" parent="." instance=ExtResource("8_s836q")]
transform = Transform3D(-4.37114e-08, 0, 1, 0, 1, 0, -1, 0, -4.37114e-08, 259.852, 84.671, -474.576)

[node name="BarrierStoneBlock_01_H18" parent="." instance=ExtResource("8_s836q")]
transform = Transform3D(-4.37114e-08, 0, 1, 0, 1, 0, -1, 0, -4.37114e-08, 263.101, 84.671, -474.576)

[node name="BarrierStoneBlock_01_H4" parent="." instance=ExtResource("8_s836q")]
transform = Transform3D(1, 0, 0, 0, 1, 0, 0, 0, 1, 271.243, 86.3448, -452.498)

[node name="BarrierStoneBlock_01_H5" parent="." instance=ExtResource("8_s836q")]
transform = Transform3D(1, 0, 0, 0, 1, 0, 0, 0, 1, 271.243, 86.3448, -456.862)

[node name="BarrierStoneBlock_01_H6" parent="." instance=ExtResource("8_s836q")]
transform = Transform3D(1, 0, 0, 0, 1, 0, 0, 0, 1, 271.243, 86.3448, -459.966)

[node name="BarrierStoneBlock_01_H29" parent="." instance=ExtResource("8_s836q")]
transform = Transform3D(0.835203, 0, -0.549942, 0, 1, 0, 0.549942, 0, 0.835203, 250.715, 87.143, -431.154)

[node name="BarrierStoneBlock_01_H30" parent="." instance=ExtResource("8_s836q")]
transform = Transform3D(0.835203, 0, -0.549942, 0, 1, 0, 0.549942, 0, 0.835203, 252.722, 87.143, -434.106)

[node name="BarrierStoneBlock_01_H31" parent="." instance=ExtResource("8_s836q")]
transform = Transform3D(0.813446, 0, -0.58164, 0, 1, 0, 0.58164, 0, 0.813446, 241.212, 87.143, -437.495)

[node name="BarrierStoneBlock_01_H32" parent="." instance=ExtResource("8_s836q")]
transform = Transform3D(0.813446, 0, -0.58164, 0, 1, 0, 0.58164, 0, 0.813446, 243.303, 87.143, -440.831)

[node name="BarrierStoneBlock_01_H33" parent="." instance=ExtResource("8_s836q")]
transform = Transform3D(0.554191, 0, 0.83239, 0, 1, 0, -0.83239, 0, 0.554191, 242.259, 87.143, -434.042)

[node name="BarrierStoneBlock_01_H34" parent="." instance=ExtResource("8_s836q")]
transform = Transform3D(0.554191, 0, 0.83239, 0, 1, 0, -0.83239, 0, 0.554191, 246.846, 87.143, -431.074)

[node name="BarrierStoneBlock_01_H35" parent="." instance=ExtResource("8_s836q")]
transform = Transform3D(0.571201, 0, 0.82081, 0, 1, 0, -0.82081, 0, 0.571201, 246.91, 87.143, -440.55)

[node name="BarrierStoneBlock_01_H36" parent="." instance=ExtResource("8_s836q")]
transform = Transform3D(0.571201, 0, 0.82081, 0, 1, 0, -0.82081, 0, 0.571201, 251.175, 87.143, -437.52)

[node name="BarrierStoneBlock_01_H37" parent="." instance=ExtResource("8_s836q")]
transform = Transform3D(0.91529, 0, 0.402795, 0, 1, 0, -0.402795, 0, 0.91529, 263.617, 87.2182, -408.887)

[node name="BarrierStoneBlock_01_H38" parent="." instance=ExtResource("8_s836q")]
transform = Transform3D(-0.389381, 0, 0.921077, 0, 1, 0, -0.921077, 0, -0.389381, 268.148, 86.8939, -414.822)

[node name="BarrierStoneBlock_01_H43" parent="." instance=ExtResource("8_s836q")]
transform = Transform3D(-0.323785, 0, 0.946131, 0, 1, 0, -0.946131, 0, -0.323785, 276.066, 86.1564, -418.45)

[node name="BarrierStoneBlock_01_H60" parent="." instance=ExtResource("8_s836q")]
transform = Transform3D(-0.323785, 0, 0.946131, 0, 1, 0, -0.946131, 0, -0.323785, 278.854, 89.0979, -419.464)

[node name="BarrierStoneBlock_01_H61" parent="." instance=ExtResource("8_s836q")]
transform = Transform3D(-0.323785, 0, 0.946131, 0, 1, 0, -0.946131, 0, -0.323785, 275.78, 89.0979, -418.337)

[node name="BarrierStoneBlock_01_H44" parent="." instance=ExtResource("8_s836q")]
transform = Transform3D(-0.323785, 0, 0.946131, 0, 1, 0, -0.946131, 0, -0.323785, 278.77, 86.3127, -419.478)

[node name="BarrierStoneBlock_01_H45" parent="." instance=ExtResource("8_s836q")]
transform = Transform3D(-0.323785, 0, 0.946131, 0, 1, 0, -0.946131, 0, -0.323785, 286, 86.3127, -421.449)

[node name="BarrierStoneBlock_01_H46" parent="." instance=ExtResource("8_s836q")]
transform = Transform3D(-0.378342, 0, 0.925666, 0, 1, 0, -0.925666, 0, -0.378342, 292.23, 85.9381, -419.618)

[node name="BarrierStoneBlock_01_H47" parent="." instance=ExtResource("8_s836q")]
transform = Transform3D(0.935018, 0, 0.354601, 0, 1, 0, -0.354601, 0, 0.935018, 288.737, 85.9381, -420.311)

[node name="BarrierStoneBlock_01_H48" parent="." instance=ExtResource("8_s836q")]
transform = Transform3D(0.935018, 0, 0.354601, 0, 1, 0, -0.354601, 0, 0.935018, 294.973, 85.9381, -418.149)

[node name="BarrierStoneBlock_01_H49" parent="." instance=ExtResource("8_s836q")]
transform = Transform3D(0.935018, 0, 0.354601, 0, 1, 0, -0.354601, 0, 0.935018, 295.773, 85.9381, -415.714)

[node name="BarrierStoneBlock_01_H50" parent="." instance=ExtResource("8_s836q")]
transform = Transform3D(-0.300756, 0, 0.953701, 0, 1, 0, -0.953701, 0, -0.300756, 295.011, 85.9381, -412.804)

[node name="BarrierStoneBlock_01_H51" parent="." instance=ExtResource("8_s836q")]
transform = Transform3D(-0.300756, 0, 0.953701, 0, 1, 0, -0.953701, 0, -0.300756, 289.67, 85.9381, -411.095)

[node name="BarrierStoneBlock_01_H52" parent="." instance=ExtResource("8_s836q")]
transform = Transform3D(-0.300756, 0, 0.953701, 0, 1, 0, -0.953701, 0, -0.300756, 286.835, 85.9381, -409.677)

[node name="BarrierStoneBlock_01_H53" parent="." instance=ExtResource("8_s836q")]
transform = Transform3D(0.907873, 0, 0.419246, 0, 1, 0, -0.419246, 0, 0.907873, 284.353, 85.9381, -411.297)

[node name="BarrierStoneBlock_01_H54" parent="." instance=ExtResource("8_s836q")]
transform = Transform3D(0.907873, 0, 0.419246, 0, 1, 0, -0.419246, 0, 0.907873, 282.136, 85.9381, -415.724)

[node name="BarrierStoneBlock_01_H59" parent="." instance=ExtResource("8_s836q")]
transform = Transform3D(0.907873, 0, 0.419246, 0, 1, 0, -0.419246, 0, 0.907873, 282.039, 85.9381, -416.62)

[node name="BarrierStoneBlock_01_H42" parent="." instance=ExtResource("8_s836q")]
transform = Transform3D(-0.389381, 0, 0.921077, 0, 1, 0, -0.921077, 0, -0.389381, 264.706, 86.8939, -411.44)

[node name="BarrierStoneBlock_01_H40" parent="." instance=ExtResource("8_s836q")]
