[gd_scene load_steps=19 format=3 uid="uid://ccmd7svlutcn5"]

[ext_resource type="PackedScene" path="res://objects/Gameplay/Common/HQ_PlayerSpawner.tscn" id="1_j8i3f"]
[ext_resource type="PackedScene" uid="uid://jv31so3xcr7p" path="res://addons/bf_portal/portal_tools/types/PolygonVolume/PolygonVolume.tscn" id="2_kl0v6"]
[ext_resource type="PackedScene" path="res://objects/entities/SpawnPoint.tscn" id="3_ybyuu"]
[ext_resource type="PackedScene" path="res://objects/props/FlagPole_01_USA.tscn" id="4_i65by"]
[ext_resource type="PackedScene" path="res://objects/Gameplay/Common/InteractPoint.tscn" id="5_6tvgr"]
[ext_resource type="Script" uid="uid://3hvpbglts2bi" path="res://scripts/gameplay/common/WorldIcon.gd" id="6_oobb4"]
[ext_resource type="PackedScene" path="res://objects/Gameplay/Common/WorldIcon.tscn" id="7_1evv3"]
[ext_resource type="PackedScene" path="res://objects/Gameplay/Common/CombatArea.tscn" id="9_tymky"]
[ext_resource type="PackedScene" path="res://objects/Gameplay/Common/DeployCam.tscn" id="10_ra5ad"]
[ext_resource type="PackedScene" path="res://static/MP_Tungsten_Terrain.tscn" id="11_32i2m"]
[ext_resource type="PackedScene" path="res://static/MP_Tungsten_Assets.tscn" id="12_4m3l3"]
[ext_resource type="PackedScene" path="res://objects/entities/CapturePoint.tscn" id="13_hl6wq"]
[ext_resource type="PackedScene" path="res://objects/architecture/HouseRuralO02.tscn" id="13_kg6nr"]
[ext_resource type="PackedScene" path="res://objects/props/BarrierStoneBlock_01_E.tscn" id="14_1m8fv"]
[ext_resource type="PackedScene" path="res://objects/architecture/HouseRuralSmall_02.tscn" id="15_iwdae"]
[ext_resource type="PackedScene" path="res://objects/uncategorized/GM1083CargoTruck_01_Canopy_Cargo01.tscn" id="16_f2agc"]
[ext_resource type="PackedScene" path="res://objects/Gameplay/Common/Sector.tscn" id="17_jinjd"]
[ext_resource type="PackedScene" path="res://objects/props/BarrierStoneBlock_01_A.tscn" id="21_ybyuu"]

[node name="MP_Tungsten" type="Node3D"]

[node name="TEAM_1_HQ" parent="." node_paths=PackedStringArray("HQArea", "InfantrySpawns") instance=ExtResource("1_j8i3f")]
transform = Transform3D(1, 0, 0, 0, 1, 0, 0, 0, 1, -329.584, 87.742, -120.845)
AltTeam = 0
ObjId = 1
HQArea = NodePath("HQ_Team1")
InfantrySpawns = [NodePath("SpawnPoint_1_1"), NodePath("SpawnPoint_1_2"), NodePath("SpawnPoint_1_3"), NodePath("SpawnPoint_1_4")]

[node name="HQ_Team1" parent="TEAM_1_HQ" instance=ExtResource("2_kl0v6")]
transform = Transform3D(1, 0, 0, 0, 1, 0, 0, 0, 1, 13.084, 0, -14.751)
points = PackedVector2Array(110.768, 48.9642, 115.48, -32.2813, -56.0473, -47.221, -57.4539, 5.21025, -10.8801, 76.4872, 45.9096, 64.5315)

[node name="SpawnPoint_1_1" parent="TEAM_1_HQ" instance=ExtResource("3_ybyuu")]
transform = Transform3D(-0.857177, 0, 0.515024, 0, 1, 0, -0.515024, 0, -0.857177, 20.1678, -2.98107, -8.56089)

[node name="SpawnPoint_1_2" parent="TEAM_1_HQ" instance=ExtResource("3_ybyuu")]
transform = Transform3D(0.839611, 0, 0.543189, 0, 1, 0, -0.543189, 0, 0.839611, 9.37976, 0.177002, 12.492)

[node name="SpawnPoint_1_3" parent="TEAM_1_HQ" instance=ExtResource("3_ybyuu")]
transform = Transform3D(-0.0428871, 0, 0.99908, 0, 1, 0, -0.99908, 0, -0.0428871, -5.40414, 0.54203, 7.48669)

[node name="SpawnPoint_1_4" parent="TEAM_1_HQ" instance=ExtResource("3_ybyuu")]
transform = Transform3D(-0.687024, 0, 0.726634, 0, 1, 0, -0.726634, 0, -0.687024, 1.09125, -0.179382, 3.92313)

[node name="InteractArea" parent="TEAM_1_HQ" instance=ExtResource("4_i65by")]
transform = Transform3D(-0.0760751, 0, 0.997102, 0, 1, 0, -0.997102, 0, -0.0760751, -7.32184, -1.17942, -3.96909)

[node name="InteractPointChangeTeam" parent="TEAM_1_HQ/InteractArea" instance=ExtResource("5_6tvgr")]
transform = Transform3D(1, 0, 0, 0, 1, 0, 0, 0, 1, 3, 1, 0)
ObjId = 2001

[node name="WorldIcon" type="Node3D" parent="TEAM_1_HQ/InteractArea/InteractPointChangeTeam"]
script = ExtResource("6_oobb4")
ObjId = 5001
iconTextVisible = true
iconColor = [0.0, 1.0, 0.0]
iconImagePicker = 6
iconImageVisible = true
iconTeamOwnerId = 1

[node name="InteractPointReady" parent="TEAM_1_HQ/InteractArea" instance=ExtResource("5_6tvgr")]
transform = Transform3D(-4.37114e-08, 0, 1, 0, 1, 0, -1, 0, -4.37114e-08, -3, 1, 0)
ObjId = 2002

[node name="WorldIcon" type="Node3D" parent="TEAM_1_HQ/InteractArea/InteractPointReady"]
script = ExtResource("6_oobb4")
ObjId = 5002
iconTextVisible = true
iconColor = [0.0, 0.5, 1.0]
iconImagePicker = 7
iconImageVisible = true
iconTeamOwnerId = 1

[node name="InteractPointSpectate" parent="TEAM_1_HQ/InteractArea" instance=ExtResource("5_6tvgr")]
transform = Transform3D(0.971147, 0, 0.238483, 0, 1, 0, -0.238483, 0, 0.971147, -11.9549, 3.23827, -10.955)
ObjId = 6001

[node name="WorldIcon" parent="TEAM_1_HQ/InteractArea" instance=ExtResource("7_1evv3")]
transform = Transform3D(1, 0, 0, 0, 1, 0, 0, 0, 1, 0, 2, 0)
ObjId = 5011
iconTextVisible = true
iconColor = [0.0, 0.0, 1.0]
iconImagePicker = 7
iconTeamOwnerId = 1

[node name="TEAM_2_HQ" parent="." node_paths=PackedStringArray("HQArea", "InfantrySpawns") instance=ExtResource("1_j8i3f")]
transform = Transform3D(1, 0, 0, 0, 1, 0, 0, 0, 1, -88.578, 89.2016, -346.501)
Team = 2
AltTeam = 0
ObjId = 2
HQArea = NodePath("HQ_Team2")
InfantrySpawns = [NodePath("SpawnPoint_2_1"), NodePath("SpawnPoint_2_2"), NodePath("SpawnPoint_2_3"), NodePath("SpawnPoint_2_4")]

[node name="InteractArea" parent="TEAM_2_HQ" instance=ExtResource("4_i65by")]
transform = Transform3D(0.299524, 0, 0.954089, 0, 1, 0, -0.954089, 0, 0.299524, -0.0703735, -0.279709, 0)

[node name="InteractPointChangeTeam" parent="TEAM_2_HQ/InteractArea" instance=ExtResource("5_6tvgr")]
transform = Transform3D(1, 0, 0, 0, 1, 0, 0, 0, 1, -3, 1, 0)
ObjId = 2003

[node name="WorldIcon" type="Node3D" parent="TEAM_2_HQ/InteractArea/InteractPointChangeTeam"]
script = ExtResource("6_oobb4")
ObjId = 5003
iconTextVisible = true
iconColor = [0.0, 1.0, 0.0]
iconImagePicker = 6
iconImageVisible = true
iconTeamOwnerId = 2

[node name="InteractPointReady" parent="TEAM_2_HQ/InteractArea" instance=ExtResource("5_6tvgr")]
transform = Transform3D(-4.37114e-08, 0, 1, 0, 1, 0, -1, 0, -4.37114e-08, 3, 1, 0)
ObjId = 2004

[node name="WorldIcon" type="Node3D" parent="TEAM_2_HQ/InteractArea/InteractPointReady"]
script = ExtResource("6_oobb4")
ObjId = 5004
iconTextVisible = true
iconColor = [0.0, 0.5, 1.0]
iconImagePicker = 7
iconImageVisible = true
iconTeamOwnerId = 2

[node name="WorldIcon" parent="TEAM_2_HQ/InteractArea" instance=ExtResource("7_1evv3")]
transform = Transform3D(1, 0, 0, 0, 1, 0, 0, 0, 1, 0, 2, 0)
ObjId = 5012
iconTextVisible = true
iconColor = [0.0, 0.0, 1.0]
iconImagePicker = 7
iconTeamOwnerId = 2

[node name="HQ_Team2" parent="TEAM_2_HQ" instance=ExtResource("2_kl0v6")]
transform = Transform3D(1, 0, 0, 0, 1, 0, 0, 0, 1, -27.957, 0, 2.927)
points = PackedVector2Array(52.336, -51.0269, -30.9271, -60.6342, -24.7357, 56.2774, -31.354, 127.798, 47.9341, 29.7917)

[node name="SpawnPoint_2_1" parent="TEAM_2_HQ" instance=ExtResource("3_ybyuu")]
transform = Transform3D(0.244478, 0, -0.969656, 0, 1, 0, 0.969656, 0, 0.244478, -17.7834, 3.16782, 7.26376)

[node name="SpawnPoint_2_2" parent="TEAM_2_HQ" instance=ExtResource("3_ybyuu")]
transform = Transform3D(-0.997604, 0, 0.0691822, 0, 1, 0, -0.0691822, 0, -0.997604, -4.84976, 0.413742, -1.20032)

[node name="SpawnPoint_2_3" parent="TEAM_2_HQ" instance=ExtResource("3_ybyuu")]
transform = Transform3D(0.928109, 0, -0.372308, 0, 1, 0, 0.372308, 0, 0.928109, -30.283, -5.0519, 11.8188)

[node name="SpawnPoint_2_4" parent="TEAM_2_HQ" instance=ExtResource("3_ybyuu")]
transform = Transform3D(-0.720176, 0, -0.693791, 0, 1, 0, 0.693791, 0, -0.720176, -23.495, -5.3877, 13.5162)

[node name="CombatArea" parent="." node_paths=PackedStringArray("CombatVolume") instance=ExtResource("9_tymky")]
transform = Transform3D(1, 0, 0, 0, 1, 0, 0, 0, 1, -517.549, 0, 165.975)
CombatVolume = NodePath("CombatVolume")

[node name="CombatVolume" parent="CombatArea" instance=ExtResource("2_kl0v6")]
transform = Transform3D(1, 0, 0, 0, 1, 0, 0, 0, 1, 283.707, 93.1436, -421.01)
points = PackedVector2Array(-146.182, 6.67357, -138.71, 72.2166, 32.828, 87.16, 85.983, 39.5238, 92.9542, -31.9305, 86.4209, -149.055, -23.9562, -143.931, -86.9929, -69.9214)

[node name="Camera3D" type="Camera3D" parent="."]
transform = Transform3D(1, 0, 0, 0, 0.101056, 0.994881, 0, -0.994881, 0.101056, -533.073, 408.54, -99.3176)

[node name="DeployCam" parent="Camera3D" instance=ExtResource("10_ra5ad")]
transform = Transform3D(1, 0, 0, 0, -4.37114e-08, 1, 0, -1, -4.37114e-08, 304.306, 200, -17.622)

[node name="Static" type="Node3D" parent="."]

[node name="MP_Tungsten_Terrain" parent="Static" instance=ExtResource("11_32i2m")]
metadata/_edit_lock_ = true

[node name="MP_Tungsten_Assets" parent="Static" instance=ExtResource("12_4m3l3")]
metadata/_edit_lock_ = true

[node name="CapturePointA" parent="." node_paths=PackedStringArray("CaptureArea", "InfantrySpawnPoints_Team1", "InfantrySpawnPoints_Team2") instance=ExtResource("13_hl6wq")]
transform = Transform3D(1, 0, 0, 0, 1, 0, 0, 0, 1, -316.222, 85.9229, -233.812)
ObjId = 201
CaptureArea = NodePath("CaptureArea")
InfantrySpawnPoints_Team1 = [NodePath("Team1/SpawnPoint"), NodePath("Team1/SpawnPoint2"), NodePath("Team1/SpawnPoint3"), NodePath("Team1/SpawnPoint4"), NodePath("Team1/SpawnPoint5")]
InfantrySpawnPoints_Team2 = [NodePath("Team2/SpawnPoint"), NodePath("Team2/SpawnPoint2"), NodePath("Team2/SpawnPoint3"), NodePath("Team2/SpawnPoint4"), NodePath("Team2/SpawnPoint5")]

[node name="CaptureArea" parent="CapturePointA" instance=ExtResource("2_kl0v6")]
transform = Transform3D(1, 0, 0, 0, 1, 0, 0, 0, 1, 5.08673, -1.68606, 1.99835)
points = PackedVector2Array(-17.1316, -6.14748, -14.9807, 10.5023, 6.84732, 7.07678, 4.61673, -9.49338)
height = 5.0

[node name="Team1" type="Node3D" parent="CapturePointA"]

[node name="SpawnPoint" parent="CapturePointA/Team1" instance=ExtResource("3_ybyuu")]
transform = Transform3D(-0.661076, 0, 0.750319, 0, 1, 0, -0.750319, 0, -0.661076, -39.6986, -0.664108, 9.68022)

[node name="SpawnPoint2" parent="CapturePointA/Team1" instance=ExtResource("3_ybyuu")]
transform = Transform3D(-0.722931, 0, 0.69092, 0, 1, 0, -0.69092, 0, -0.722931, -21.1736, -2.59428, 45.1297)

[node name="SpawnPoint3" parent="CapturePointA/Team1" instance=ExtResource("3_ybyuu")]
transform = Transform3D(1, 0, 0, 0, 1, 0, 0, 0, 1, -32.9849, -1.23988, -31.5475)

[node name="SpawnPoint4" parent="CapturePointA/Team1" instance=ExtResource("3_ybyuu")]
transform = Transform3D(0.24287, 0, 0.970059, 0, 1, 0, -0.970059, 0, 0.24287, -34.9886, -2.23602, 26.9161)

[node name="SpawnPoint5" parent="CapturePointA/Team1" instance=ExtResource("3_ybyuu")]
transform = Transform3D(-0.852886, 0, 0.522097, 0, 1, 0, -0.522097, 0, -0.852886, -51.8413, -0.162857, -15.5358)

[node name="Team2" type="Node3D" parent="CapturePointA"]

[node name="SpawnPoint" parent="CapturePointA/Team2" instance=ExtResource("3_ybyuu")]
transform = Transform3D(-0.93449, 0, -0.355988, 0, 1, 0, 0.355988, 0, -0.93449, 25.209, -1.13566, 36.5965)

[node name="SpawnPoint2" parent="CapturePointA/Team2" instance=ExtResource("3_ybyuu")]
transform = Transform3D(-0.789983, 0, -0.613128, 0, 1, 0, 0.613128, 0, -0.789983, 45.1998, -0.531715, 15.7523)

[node name="SpawnPoint3" parent="CapturePointA/Team2" instance=ExtResource("3_ybyuu")]
transform = Transform3D(0.439579, 0, -0.898204, 0, 1, 0, 0.898204, 0, 0.439579, 46.3245, -1.0632, -9.18724)

[node name="SpawnPoint4" parent="CapturePointA/Team2" instance=ExtResource("3_ybyuu")]
transform = Transform3D(-0.0907197, 0, -0.995876, 0, 1, 0, 0.995876, 0, -0.0907197, 37.8079, -0.583755, 25.6093)

[node name="SpawnPoint5" parent="CapturePointA/Team2" instance=ExtResource("3_ybyuu")]
transform = Transform3D(-0.970448, 0, -0.241313, 0, 1, 0, 0.241313, 0, -0.970448, 51.906, -2.64691, 4.8759)

[node name="CapturePointB" parent="." node_paths=PackedStringArray("CaptureArea", "InfantrySpawnPoints_Team1", "InfantrySpawnPoints_Team2") instance=ExtResource("13_hl6wq")]
transform = Transform3D(1, 0, 0, 0, 1, 0, 0, 0, 1, -215.532, 84.6826, -243.235)
ObjId = 202
CaptureArea = NodePath("CaptureArea")
InfantrySpawnPoints_Team1 = [NodePath("Team1/SpawnPoint"), NodePath("Team1/SpawnPoint2"), NodePath("Team1/SpawnPoint3"), NodePath("Team1/SpawnPoint4"), NodePath("Team1/SpawnPoint5")]
InfantrySpawnPoints_Team2 = [NodePath("Team2/SpawnPoint"), NodePath("Team2/SpawnPoint2"), NodePath("Team2/SpawnPoint3"), NodePath("Team2/SpawnPoint4"), NodePath("Team2/SpawnPoint5")]

[node name="CaptureArea" parent="CapturePointB" instance=ExtResource("2_kl0v6")]
transform = Transform3D(1, 0, 0, 0, 1, 0, 0, 0, 1, 0, -1.58688, 3.58722)
points = PackedVector2Array(-15.4464, -13.8374, -15.6854, 5.75998, 10.1259, 5.44131, 10.2852, -15.6697)
height = 4.0

[node name="Team1" type="Node3D" parent="CapturePointB"]

[node name="SpawnPoint" parent="CapturePointB/Team1" instance=ExtResource("3_ybyuu")]
transform = Transform3D(-0.336898, 0, 0.941541, 0, 1, 0, -0.941541, 0, -0.336898, -48.6472, -1.26687, 10.1356)

[node name="SpawnPoint2" parent="CapturePointB/Team1" instance=ExtResource("3_ybyuu")]
transform = Transform3D(-0.561708, 0, 0.827336, 0, 1, 0, -0.827336, 0, -0.561708, -35.0338, 0.50502, 43.1802)

[node name="SpawnPoint3" parent="CapturePointB/Team1" instance=ExtResource("3_ybyuu")]
transform = Transform3D(0.620532, 0, 0.784181, 0, 1, 0, -0.784181, 0, 0.620532, -41.3105, -2.16116, -30.2399)

[node name="SpawnPoint4" parent="CapturePointB/Team1" instance=ExtResource("3_ybyuu")]
transform = Transform3D(-0.23538, 0, 0.971904, 0, 1, 0, -0.971904, 0, -0.23538, -45.6044, -1.32944, 31.2537)

[node name="SpawnPoint5" parent="CapturePointB/Team1" instance=ExtResource("3_ybyuu")]
transform = Transform3D(0.657639, 0, 0.753334, 0, 1, 0, -0.753334, 0, 0.657639, -47.3486, -2.30975, -42.8669)

[node name="Team2" type="Node3D" parent="CapturePointB"]

[node name="SpawnPoint" parent="CapturePointB/Team2" instance=ExtResource("3_ybyuu")]
transform = Transform3D(-0.935826, 0, -0.352462, 0, 1, 0, 0.352462, 0, -0.935826, 42.282, 2.92905, 13.4567)

[node name="SpawnPoint2" parent="CapturePointB/Team2" instance=ExtResource("3_ybyuu")]
transform = Transform3D(1, 0, 0, 0, 1, 0, 0, 0, 1, 21.1784, 1.52001, -36.568)

[node name="SpawnPoint3" parent="CapturePointB/Team2" instance=ExtResource("3_ybyuu")]
transform = Transform3D(-0.539448, 0, -0.842019, 0, 1, 0, 0.842019, 0, -0.539448, 23.1911, 2.32003, 32.6133)

[node name="SpawnPoint4" parent="CapturePointB/Team2" instance=ExtResource("3_ybyuu")]
transform = Transform3D(0.981517, 0, 0.191374, 0, 1, 0, -0.191374, 0, 0.981517, -8.62326, -0.886093, -44.2291)

[node name="SpawnPoint5" parent="CapturePointB/Team2" instance=ExtResource("3_ybyuu")]
transform = Transform3D(-0.0737775, 0, -0.997275, 0, 1, 0, 0.997275, 0, -0.0737775, 22.7317, 1.58092, 39.6725)

[node name="HouseRuralO02" parent="CapturePointB/Team2" instance=ExtResource("13_kg6nr")]
transform = Transform3D(1, 0, 0, 0, 1, 0, 0, 0, 1, 19.6541, 2.2928, 38.1836)

[node name="CapturePointC" parent="." node_paths=PackedStringArray("CaptureArea", "InfantrySpawnPoints_Team1", "InfantrySpawnPoints_Team2") instance=ExtResource("13_hl6wq")]
transform = Transform3D(1, 0, 0, 0, 1, 0, 0, 0, 1, -204.684, 84.292, -347.404)
ObjId = 203
CaptureArea = NodePath("CaptureArea")
InfantrySpawnPoints_Team1 = [NodePath("Team1/SpawnPoint"), NodePath("Team1/SpawnPoint2"), NodePath("Team1/SpawnPoint3"), NodePath("Team1/SpawnPoint4"), NodePath("Team1/SpawnPoint5")]
InfantrySpawnPoints_Team2 = [NodePath("Team2/SpawnPoint"), NodePath("Team2/SpawnPoint2"), NodePath("Team2/SpawnPoint3"), NodePath("Team2/SpawnPoint4"), NodePath("Team2/SpawnPoint5")]

[node name="CaptureArea" parent="CapturePointC" instance=ExtResource("2_kl0v6")]
transform = Transform3D(1, 0, 0, 0, 1, 0, 0, 0, 1, -6.84146, 0, 3.40128)
points = PackedVector2Array(-10.2028, -7.52761, -11.0264, 23.7285, 10.7611, 23.9334, 9.87317, 13.6202, 11.1026, -7.89404)
height = 6.0

[node name="Team1" type="Node3D" parent="CapturePointC"]

[node name="SpawnPoint" parent="CapturePointC/Team1" instance=ExtResource("3_ybyuu")]
transform = Transform3D(0.0827387, 0, 0.996571, 0, 1, 0, -0.996571, 0, 0.0827387, -25.9017, 0.592964, -27.0551)

[node name="SpawnPoint2" parent="CapturePointC/Team1" instance=ExtResource("3_ybyuu")]
transform = Transform3D(-0.492028, 0, 0.870579, 0, 1, 0, -0.870579, 0, -0.492028, -53.6543, -0.937286, -3.93134)

[node name="SpawnPoint3" parent="CapturePointC/Team1" instance=ExtResource("3_ybyuu")]
transform = Transform3D(-0.828823, 0, 0.559511, 0, 1, 0, -0.559511, 0, -0.828823, -59.8713, -1.7746, 23.7655)

[node name="SpawnPoint4" parent="CapturePointC/Team1" instance=ExtResource("3_ybyuu")]
transform = Transform3D(0.749175, 0, -0.662371, 0, 1, 0, 0.662371, 0, 0.749175, -33.6629, 0.747017, -26.9528)

[node name="SpawnPoint5" parent="CapturePointC/Team1" instance=ExtResource("3_ybyuu")]
transform = Transform3D(-0.580093, 0, 0.814551, 0, 1, 0, -0.814551, 0, -0.580093, -51.0043, -0.603172, 26.2871)

[node name="HouseRuralSmall_02" parent="CapturePointC/Team1" instance=ExtResource("15_iwdae")]
transform = Transform3D(1, 0, 0, 0, 1, 0, 0, 0, 1, -36.3007, 0.192894, -18.5265)

[node name="BarrierStoneBlock_01_E" parent="CapturePointC/Team1" instance=ExtResource("14_1m8fv")]
transform = Transform3D(1, 0, 0, 0, 1, 0, 0, 0, 1, -31.9264, 0.166405, -27.075)

[node name="Team2" type="Node3D" parent="CapturePointC"]

[node name="SpawnPoint" parent="CapturePointC/Team2" instance=ExtResource("3_ybyuu")]
transform = Transform3D(-0.680529, 0, -0.732721, 0, 1, 0, 0.732721, 0, -0.680529, 36.3187, 3.07462, 58.4734)

[node name="SpawnPoint2" parent="CapturePointC/Team2" instance=ExtResource("3_ybyuu")]
transform = Transform3D(0.336915, 0, -0.941535, 0, 1, 0, 0.941535, 0, 0.336915, 50.8891, 4.00758, -27.3066)

[node name="SpawnPoint3" parent="CapturePointC/Team2" instance=ExtResource("3_ybyuu")]
transform = Transform3D(-0.232291, 0, -0.972647, 0, 1, 0, 0.972647, 0, -0.232291, 42.9179, 6.58709, 15.4918)

[node name="SpawnPoint4" parent="CapturePointC/Team2" instance=ExtResource("3_ybyuu")]
transform = Transform3D(-0.0592892, 0, -0.998241, 0, 1, 0, 0.998241, 0, -0.0592892, 22.3498, 1.54562, 54.6986)

[node name="SpawnPoint5" parent="CapturePointC/Team2" instance=ExtResource("3_ybyuu")]
transform = Transform3D(0.386727, 0, -0.922194, 0, 1, 0, 0.922194, 0, 0.386727, 41.4612, 4.36977, 2.51382)

[node name="BarrierStoneBlock_01_E" parent="CapturePointC" instance=ExtResource("14_1m8fv")]
transform = Transform3D(0.751989, 0, 0.659175, 0, 1, 0, -0.659175, 0, 0.751989, 4.13205, -1.07267, -2.55078)

[node name="Sector" parent="." node_paths=PackedStringArray("SectorArea", "CapturePoints") instance=ExtResource("17_jinjd")]
transform = Transform3D(1, 0, 0, 0, 1, 0, 0, 0, 1, -517.549, 0, 165.975)
SectorArea = NodePath("../CombatArea/CombatVolume")
CapturePoints = [NodePath("../CapturePointA"), NodePath("../CapturePointB"), NodePath("../CapturePointC")]

[node name="GM1083CargoTruck_01_Canopy_Cargo01" parent="." instance=ExtResource("16_f2agc")]
transform = Transform3D(0.618079, 0, 0.786116, 0, 1, 0, -0.786116, 0, 0.618079, -215.039, 84.0339, -331.176)

[node name="BarrierStoneBlock_01_A" parent="." instance=ExtResource("21_ybyuu")]
transform = Transform3D(5, 0, 0, 0, 0.01, 0, 0, 0, 5, -215.021, 87.8281, -239.461)

[node name="BarrierStoneBlock_01_A2" parent="." instance=ExtResource("21_ybyuu")]
transform = Transform3D(5, 0, 0, 0, 0.01, 0, 0, 0, 5, -215.025, 87.8281, -245.608)

[node name="BarrierStoneBlock_01_A3" parent="." instance=ExtResource("21_ybyuu")]
transform = Transform3D(5, 0, 0, 0, 0.01, 0, 0, 0, 5, -215.025, 87.8281, -246.98)

[node name="BarrierStoneBlock_01_A4" parent="." instance=ExtResource("21_ybyuu")]
transform = Transform3D(8, 0, 0, 0, 0.01, 0, 0, 0, 8, -200.578, 87.8281, -245.506)

[node name="BarrierStoneBlock_01_A5" parent="." instance=ExtResource("21_ybyuu")]
transform = Transform3D(8, 0, 0, 0, 0.01, 0, 0, 0, 8, -196.718, 87.8281, -245.506)

[node name="BarrierStoneBlock_01_A17" parent="." instance=ExtResource("21_ybyuu")]
transform = Transform3D(4.95134, 0, 0.695863, 0, 0.01, 0, -0.695863, 0, 4.95134, -317.968, 89.4451, -236.938)

[node name="BarrierStoneBlock_01_A18" parent="." instance=ExtResource("21_ybyuu")]
transform = Transform3D(4.95134, 0, 0.695863, 0, 0.01, 0, -0.695863, 0, 4.95134, -314.352, 89.4451, -237.541)

[node name="BarrierStoneBlock_01_A6" parent="." instance=ExtResource("21_ybyuu")]
transform = Transform3D(8, 0, 0, 0, 0.01, 0, 0, 0, 8, -249.597, 87.8281, -283.044)

[node name="BarrierStoneBlock_01_A7" parent="." instance=ExtResource("21_ybyuu")]
transform = Transform3D(8, 0, 0, 0, 0.01, 0, 0, 0, 8, -245.736, 87.8281, -283.044)

[node name="BarrierStoneBlock_01_A12" parent="." instance=ExtResource("21_ybyuu")]
transform = Transform3D(7.95618, 0, -0.836228, 0, 0.01, 0, 0.836228, 0, 7.95618, -191.963, 89.2978, -280.021)

[node name="BarrierStoneBlock_01_A13" parent="." instance=ExtResource("21_ybyuu")]
transform = Transform3D(7.95618, 0, -0.836228, 0, 0.01, 0, 0.836228, 0, 7.95618, -188.377, 89.2978, -279.824)

[node name="BarrierStoneBlock_01_A8" parent="." instance=ExtResource("21_ybyuu")]
transform = Transform3D(8, 0, 0, 0, 0.01, 0, 0, 0, 8, -249.322, 87.5701, -303.053)

[node name="BarrierStoneBlock_01_A14" parent="." instance=ExtResource("21_ybyuu")]
transform = Transform3D(4.89569, 0, 1.01599, 0, 0.01, 0, -1.01599, 0, 4.89569, -280.305, 87.3246, -309.994)

[node name="BarrierStoneBlock_01_A15" parent="." instance=ExtResource("21_ybyuu")]
transform = Transform3D(4.89569, 0, 1.01599, 0, 0.01, 0, -1.01599, 0, 4.89569, -274.323, 87.3246, -311.185)

[node name="BarrierStoneBlock_01_A9" parent="." instance=ExtResource("21_ybyuu")]
transform = Transform3D(8, 0, 0, 0, 0.01, 0, 0, 0, 8, -243.675, 87.5701, -303.053)

[node name="BarrierStoneBlock_01_A10" parent="." instance=ExtResource("21_ybyuu")]
transform = Transform3D(8, 0, 0, 0, 0.01, 0, 0, 0, 8, -249.322, 87.5701, -299.938)

[node name="BarrierStoneBlock_01_A11" parent="." instance=ExtResource("21_ybyuu")]
transform = Transform3D(8, 0, 0, 0, 0.01, 0, 0, 0, 8, -243.675, 87.5701, -299.938)
